CPU Level,GPU Level,CPU Frequency (MHz),GPU Frequency (MHz),FPS,Prd,Tear,Early,Stale,Stale2/5/10/max,VSnc,Lat,Fov,OC,TA,SP,Mem,Free,PLS,Temp,TW,App,GD,CPU&GPU,LCnt,GPU%,CPU%,DSF,CFL,ICFLp95,LD,SF,LP,DVFS,timestamp,altered_bandwidth,altered_dropchance,bandwidth,dropchance,device,app,app_details,is_record,is_wireless,repetition
3,4,1382,525,73,0ms,0,0,1,0/0/0/1,1,0,0,FF,0/70/0,N/F/N,1353MHz,2719,0,35.5C/0.0C,3.32ms,0.85ms,0.28ms,13.89ms,2(DR0,0.34,0.20(W0.26),1.00,15.72/21.48,19.28,0,1.21,0,0,-2208907242.956,True,True,999999,0,Quest-2,BeatSaber,PopStars-Medium,False,False,2.2
3,4,1382,525,73,0ms,0,0,2,0/0/0/1,1,0,0,FF,0/70/0,N/F/N,1353MHz,2719,0,35.5C/0.0C,3.35ms,0.90ms,0.27ms,13.89ms,2(DR0,0.35,0.13(W0.19),1.00,15.53/21.61,19.31,0,1.21,0,0,-2208907241.956,True,True,999999,0,Quest-2,BeatSaber,PopStars-Medium,False,False,2.2
3,4,1382,525,73,0ms,0,0,0,0/0/0/0,1,0,0,FF,0/70/0,N/F/N,1353MHz,2719,0,35.5C/0.0C,3.34ms,0.87ms,0.27ms,13.86ms,2(DR0,0.34,0.19(W0.24),1.00,15.51/21.40,19.20,0,1.21,0,0,-2208907240.956,True,True,999999,0,Quest-2,BeatSaber,PopStars-Medium,False,False,2.2
3,4,1382,525,72,0ms,0,0,0,0/0/0/0,1,0,0,FF,0/70/0,N/F/N,1353MHz,2719,0,35.5C/0.0C,3.34ms,0.83ms,0.27ms,13.86ms,2(DR0,0.35,0.13(W0.22),1.00,15.75/21.37,19.24,0,1.21,0,0,-2208907239.956,True,True,999999,0,Quest-2,BeatSaber,PopStars-Medium,False,False,2.2
3,4,1382,525,73,0ms,0,0,2,0/0/0/1,1,0,0,FF,0/70/0,N/F/N,1353MHz,2719,0,35.5C/0.0C,3.34ms,0.89ms,0.27ms,13.92ms,2(DR0,0.35,0.16(W0.20),1.00,15.40/21.38,19.21,0,1.21,0,0,-2208907238.955,True,True,999999,0,Quest-2,BeatSaber,PopStars-Medium,False,False,2.2
3,4,1382,525,73,0ms,0,0,3,0/0/0/1,1,0,0,FF,0/70/0,N/F/N,1353MHz,2724,0,35.5C/0.0C,3.34ms,0.83ms,0.27ms,13.92ms,2(DR0,0.35,0.11(W0.23),1.00,15.70/21.54,19.27,0,1.21,0,0,-2208907237.949,True,True,999999,0,Quest-2,BeatSaber,PopStars-Medium,False,False,2.2
3,4,1382,525,73,0ms,0,0,1,0/0/0/1,1,0,0,FF,0/70/0,N/F/N,1353MHz,2724,0,35.5C/0.0C,3.34ms,0.85ms,0.27ms,13.87ms,2(DR0,0.35,0.24(W0.27),1.00,15.53/21.93,19.26,0,1.21,0,0,-2208907236.955,True,True,999999,0,Quest-2,BeatSaber,PopStars-Medium,False,False,2.2
3,4,1382,525,73,0ms,0,0,2,0/0/0/1,1,0,0,FF,0/70/0,N/F/N,1353MHz,2724,0,35.5C/0.0C,3.35ms,0.86ms,0.28ms,13.95ms,2(DR0,0.35,0.24(W0.27),1.00,15.55/21.30,19.11,0,1.21,0,0,-2208907235.955,True,True,999999,0,Quest-2,BeatSaber,PopStars-Medium,False,False,2.2
3,4,1382,525,73,0ms,0,0,3,0/0/0/1,1,0,0,FF,0/70/0,N/F/N,1353MHz,2724,0,35.5C/0.0C,3.35ms,0.86ms,0.27ms,13.88ms,2(DR0,0.35,0.24(W0.26),1.00,15.65/21.33,19.16,0,1.21,0,0,-2208907234.955,True,True,999999,0,Quest-2,BeatSaber,PopStars-Medium,False,False,2.2
3,4,1382,525,73,0ms,0,0,0,0/0/0/0,1,0,0,FF,0/70/0,N/F/N,1353MHz,2724,0,35.5C/0.0C,3.35ms,0.91ms,0.27ms,13.89ms,2(DR0,0.35,0.28(W0.38),1.00,15.26/21.27,19.16,0,1.21,0,0,-2208907233.955,True,True,999999,0,Quest-2,BeatSaber,PopStars-Medium,False,False,2.2
3,4,1382,525,73,0ms,0,0,2,0/0/0/1,1,0,0,FF,0/70/0,N/F/N,1353MHz,2724,0,35.2C/0.0C,3.33ms,0.85ms,0.26ms,13.90ms,2(DR0,0.34,0.23(W0.33),1.00,15.61/21.51,19.26,0,1.21,0,0,-2208907232.955,True,True,999999,0,Quest-2,BeatSaber,PopStars-Medium,False,False,2.2
3,4,1382,525,73,0ms,0,0,1,0/0/0/1,1,0,0,FF,0/70/0,N/F/N,1353MHz,2724,0,35.2C/0.0C,3.35ms,0.89ms,0.27ms,13.90ms,2(DR0,0.35,0.11(W0.15),1.00,15.62/21.46,19.17,0,1.21,0,0,-2208907231.955,True,True,999999,0,Quest-2,BeatSaber,PopStars-Medium,False,False,2.2
3,4,1382,525,73,0ms,0,0,1,0/0/0/1,1,0,0,FF,0/70/0,N/F/N,1353MHz,2724,0,35.2C/0.0C,3.36ms,0.85ms,0.27ms,13.86ms,2(DR0,0.34,0.14(W0.19),1.00,15.55/21.42,19.11,0,1.21,0,0,-2208907230.955,True,True,999999,0,Quest-2,BeatSaber,PopStars-Medium,False,False,2.2
3,4,1382,525,73,0ms,0,0,1,0/0/0/1,1,0,0,FF,0/70/0,N/F/N,1353MHz,2724,0,35.2C/0.0C,3.38ms,0.85ms,0.28ms,13.87ms,2(DR0,0.35,0.29(W0.32),1.00,15.27/21.26,19.21,0,1.21,0,0,-2208907229.955,True,True,999999,0,Quest-2,BeatSaber,PopStars-Medium,False,False,2.2
3,4,1382,525,73,0ms,0,0,0,0/0/0/0,1,0,0,FF,0/70/0,N/F/N,1555MHz,2724,0,35.2C/0.0C,3.35ms,0.89ms,0.27ms,13.85ms,2(DR0,0.35,0.32(W0.43),1.00,15.66/21.27,19.18,0,1.21,0,0,-2208907228.955,True,True,999999,0,Quest-2,BeatSaber,PopStars-Medium,False,False,2.2
3,4,1382,525,73,0ms,0,0,1,0/0/0/1,1,0,0,FF,0/70/0,N/F/N,1353MHz,2724,0,35.2C/0.0C,3.36ms,0.87ms,0.26ms,13.87ms,2(DR0,0.35,0.21(W0.25),1.00,15.69/21.32,19.13,0,1.21,0,0,-2208907227.955,True,True,999999,0,Quest-2,BeatSaber,PopStars-Medium,False,False,2.2
3,4,1382,525,73,0ms,0,0,0,0/0/0/0,1,0,0,FF,0/70/0,N/F/N,1353MHz,2724,0,35.2C/0.0C,3.33ms,0.87ms,0.28ms,13.88ms,2(DR0,0.34,0.15(W0.18),1.00,15.58/21.30,19.11,0,1.21,0,0,-2208907226.955,True,True,999999,0,Quest-2,BeatSaber,PopStars-Medium,False,False,2.2
3,4,1382,525,73,0ms,0,0,2,0/0/0/1,1,0,0,FF,0/70/0,N/F/N,1353MHz,2724,0,35.2C/0.0C,3.34ms,0.88ms,0.27ms,13.91ms,2(DR0,0.35,0.18(W0.27),1.00,15.80/21.46,19.32,0,1.21,0,0,-2208907225.955,True,True,999999,0,Quest-2,BeatSaber,PopStars-Medium,False,False,2.2
3,4,1382,525,73,0ms,0,0,0,0/0/0/0,1,0,0,FF,0/70/0,N/F/N,1353MHz,2724,0,35.2C/0.0C,3.36ms,0.85ms,0.27ms,13.86ms,2(DR0,0.34,0.23(W0.29),1.00,15.68/21.24,19.22,0,1.21,0,0,-2208907224.955,True,True,999999,0,Quest-2,BeatSaber,PopStars-Medium,False,False,2.2
3,4,1382,525,73,0ms,0,0,0,0/0/0/0,1,0,0,FF,0/70/0,N/F/N,1353MHz,2724,0,35.2C/0.0C,3.35ms,0.88ms,0.27ms,13.88ms,2(DR0,0.35,0.26(W0.30),1.00,15.57/21.18,19.07,0,1.21,0,0,-2208907223.955,True,True,999999,0,Quest-2,BeatSaber,PopStars-Medium,False,False,2.2
3,4,1382,525,73,0ms,0,0,2,0/0/0/1,1,0,0,FF,0/70/0,N/F/N,1353MHz,2724,0,35.2C/0.0C,3.35ms,0.89ms,0.27ms,13.93ms,2(DR0,0.35,0.22(W0.26),1.00,15.57/21.21,19.14,0,1.21,0,0,-2208907222.954,True,True,999999,0,Quest-2,BeatSaber,PopStars-Medium,False,False,2.2
3,4,1382,525,73,0ms,0,0,1,0/0/0/1,1,0,0,FF,0/70/0,N/F/N,1353MHz,2724,0,35.2C/0.0C,3.35ms,0.88ms,0.27ms,13.86ms,2(DR0,0.34,0.14(W0.16),1.00,15.50/21.24,19.19,0,1.21,0,0,-2208907221.954,True,True,999999,0,Quest-2,BeatSaber,PopStars-Medium,False,False,2.2
3,4,1382,525,73,0ms,0,0,1,0/0/0/1,1,0,0,FF,0/70/0,N/F/N,1353MHz,2724,0,35.2C/0.0C,3.35ms,0.83ms,0.28ms,13.89ms,2(DR0,0.34,0.20(W0.24),1.00,15.85/21.09,19.12,0,1.21,0,0,-2208907220.954,True,True,999999,0,Quest-2,BeatSaber,PopStars-Medium,False,False,2.2
3,4,1382,525,73,0ms,0,0,1,0/0/0/1,1,0,0,FF,0/70/0,N/F/N,1353MHz,2724,0,35.2C/0.0C,3.35ms,0.85ms,0.27ms,13.90ms,2(DR0,0.34,0.13(W0.19),1.00,15.77/21.61,19.20,0,1.21,0,0,-2208907219.954,True,True,999999,0,Quest-2,BeatSaber,PopStars-Medium,False,False,2.2
3,4,1382,525,73,0ms,0,0,0,0/0/0/0,1,0,0,FF,0/70/0,N/F/N,1353MHz,2724,0,35.2C/0.0C,3.17ms,0.87ms,0.27ms,13.88ms,2(DR0,0.33,0.23(W0.26),1.00,15.52/21.48,19.23,0,1.21,0,0,-2208907218.954,True,True,999999,0,Quest-2,BeatSaber,PopStars-Medium,False,False,2.2
3,4,1382,525,73,0ms,0,0,5,1/0/0/2,1,0,0,FF,0/70/0,N/F/N,1353MHz,2712,0,35.2C/0.0C,3.18ms,0.88ms,0.27ms,13.91ms,2(DR0,0.33,0.30(W0.33),1.00,15.53/21.32,19.12,0,1.21,0,0,-2208907217.947,True,True,999999,0,Quest-2,BeatSaber,PopStars-Medium,False,False,2.2
3,4,1382,525,71,0ms,0,0,1,0/0/0/1,1,0,0,FF,0/70/0,N/F/N,1353MHz,2712,0,35.2C/0.0C,3.15ms,1.37ms,0.27ms,14.39ms,2(DR0,0.32,0.11(W0.11),1.00,15.55/21.26,19.08,0,1.21,0,0,-2208907216.954,True,True,999999,0,Quest-2,BeatSaber,PopStars-Medium,False,False,2.2
3,4,1382,525,73,0ms,0,0,7,1/0/0/4,1,0,0,FF,0/70/0,N/F/N,1353MHz,2712,0,35.2C/0.0C,3.17ms,0.96ms,0.26ms,13.92ms,2(DR0,0.33,0.20(W0.30),1.00,15.60/21.43,19.17,0,1.21,0,0,-2208907215.954,True,True,999999,0,Quest-2,BeatSaber,PopStars-Medium,False,False,2.2
3,4,1382,525,73,0ms,0,0,1,0/0/0/1,1,0,0,FF,0/70/0,N/F/N,1353MHz,2712,0,35.2C/0.0C,3.22ms,0.87ms,0.26ms,13.92ms,2(DR0,0.33,0.18(W0.19),1.00,15.39/21.22,18.99,0,1.21,0,0,-2208907214.954,True,True,999999,0,Quest-2,BeatSaber,PopStars-Medium,False,False,2.2
3,4,1382,525,73,0ms,0,0,1,0/0/0/1,1,0,0,FF,0/70/0,N/F/N,1804MHz,2712,0,35.2C/0.0C,3.31ms,0.99ms,0.28ms,13.86ms,2(DR0,0.35,0.35(W0.43),1.00,15.42/21.40,19.21,0,1.21,0,0,-2208907213.954,True,True,999999,0,Quest-2,BeatSaber,PopStars-Medium,False,False,2.2
3,4,1382,525,73,0ms,0,0,0,0/0/0/0,1,0,0,FF,0/70/0,N/F/N,1353MHz,2712,0,35.5C/0.0C,3.31ms,0.89ms,0.27ms,13.86ms,2(DR0,0.35,0.25(W0.36),1.00,15.79/21.30,19.21,0,1.21,0,0,-2208907212.954,True,True,999999,0,Quest-2,BeatSaber,PopStars-Medium,False,False,2.2
3,4,1382,525,73,0ms,0,0,0,0/0/0/0,1,0,0,FF,0/70/0,N/F/N,1353MHz,2712,0,35.5C/0.0C,3.35ms,0.92ms,0.27ms,13.86ms,2(DR0,0.35,0.19(W0.24),1.00,15.75/21.35,19.25,0,1.21,0,0,-2208907211.954,True,True,999999,0,Quest-2,BeatSaber,PopStars-Medium,False,False,2.2
3,4,1382,525,73,0ms,0,0,0,0/0/0/0,1,0,0,FF,0/70/0,N/F/N,1353MHz,2712,0,35.5C/0.0C,3.35ms,1.03ms,0.26ms,13.86ms,2(DR0,0.35,0.19(W0.25),1.00,15.55/21.39,19.23,0,1.21,0,0,-2208907210.954,True,True,999999,0,Quest-2,BeatSaber,PopStars-Medium,False,False,2.2
3,4,1382,525,73,0ms,0,0,1,0/0/0/0,1,0,0,FF,0/70/0,N/F/N,1353MHz,2712,0,35.5C/0.0C,3.14ms,0.93ms,0.27ms,13.86ms,2(DR0,0.33,0.15(W0.23),1.00,15.56/21.54,19.21,0,1.21,0,0,-2208907209.954,True,True,999999,0,Quest-2,BeatSaber,PopStars-Medium,False,False,2.2
3,4,1382,525,73,0ms,0,0,0,0/0/0/1,1,0,0,FF,0/70/0,N/F/N,1353MHz,2712,0,35.5C/0.0C,3.34ms,1.11ms,0.27ms,13.89ms,2(DR0,0.36,0.34(W0.40),1.00,15.62/21.64,19.34,0,1.21,0,0,-2208907208.953,True,True,999999,0,Quest-2,BeatSaber,PopStars-Medium,False,False,2.2
3,4,1382,525,73,0ms,0,0,2,1/0/0/2,1,0,0,FF,0/70/0,N/F/N,1353MHz,2712,0,35.5C/0.0C,3.21ms,0.85ms,0.27ms,13.86ms,2(DR0,0.33,0.21(W0.30),1.00,15.68/21.27,19.22,0,1.21,0,0,-2208907207.953,True,True,999999,0,Quest-2,BeatSaber,PopStars-Medium,False,False,2.2
3,4,1382,525,73,0ms,0,0,1,0/0/0/1,1,0,0,FF,0/70/0,N/F/N,1353MHz,2712,0,35.5C/0.0C,3.36ms,1.10ms,0.27ms,13.95ms,2(DR0,0.36,0.21(W0.33),1.00,15.67/21.22,19.19,0,1.21,0,0,-2208907206.953,True,True,999999,0,Quest-2,BeatSaber,PopStars-Medium,False,False,2.2
3,4,1382,525,73,0ms,0,0,0,0/0/0/0,1,0,0,FF,0/70/0,N/F/N,1353MHz,2712,0,35.5C/0.0C,3.39ms,1.11ms,0.28ms,13.90ms,2(DR0,0.36,0.28(W0.38),1.00,15.72/21.08,19.18,0,1.21,0,0,-2208907205.953,True,True,999999,0,Quest-2,BeatSaber,PopStars-Medium,False,False,2.2
3,4,1382,525,73,0ms,0,0,0,0/0/0/0,1,0,0,FF,0/70/0,N/F/N,1353MHz,2712,0,35.5C/0.0C,3.36ms,1.06ms,0.26ms,13.86ms,2(DR0,0.36,0.19(W0.24),1.00,15.70/21.12,19.20,0,1.21,0,0,-2208907204.953,True,True,999999,0,Quest-2,BeatSaber,PopStars-Medium,False,False,2.2
3,4,1382,525,73,0ms,0,0,1,0/0/0/1,1,0,0,FF,0/70/0,N/F/N,1353MHz,2712,0,35.5C/0.0C,3.37ms,1.12ms,0.27ms,13.86ms,2(DR0,0.37,0.29(W0.42),1.00,15.70/21.59,19.24,0,1.21,0,0,-2208907203.953,True,True,999999,0,Quest-2,BeatSaber,PopStars-Medium,False,False,2.2
3,4,1382,525,73,0ms,0,0,3,0/0/0/1,1,0,0,FF,0/70/0,N/F/N,1353MHz,2712,0,35.5C/0.0C,3.43ms,1.12ms,0.27ms,13.90ms,2(DR0,0.36,0.30(W0.33),1.00,15.51/21.81,19.31,0,1.21,0,0,-2208907202.953,True,True,999999,0,Quest-2,BeatSaber,PopStars-Medium,False,False,2.2
3,4,1382,525,73,0ms,0,0,1,0/0/0/1,1,0,0,FF,0/70/0,N/F/N,1353MHz,2712,0,35.5C/0.0C,3.41ms,1.10ms,0.27ms,13.95ms,2(DR0,0.37,0.20(W0.30),1.00,15.47/21.61,19.21,0,1.21,0,0,-2208907201.953,True,True,999999,0,Quest-2,BeatSaber,PopStars-Medium,False,False,2.2
3,4,1382,525,73,0ms,0,0,3,0/0/0/1,1,0,0,FF,0/70/0,N/F/N,1353MHz,2712,0,35.5C/0.0C,3.45ms,1.03ms,0.27ms,13.89ms,2(DR0,0.37,0.24(W0.29),1.00,15.62/21.35,19.18,0,1.21,0,0,-2208907200.953,True,True,999999,0,Quest-2,BeatSaber,PopStars-Medium,False,False,2.2
3,4,1382,525,73,0ms,0,0,0,0/0/0/1,1,0,0,FF,0/70/0,N/F/N,1353MHz,2712,0,35.5C/0.0C,3.45ms,1.09ms,0.27ms,13.94ms,2(DR0,0.37,0.21(W0.30),1.00,15.59/21.48,19.24,0,1.21,0,0,-2208907199.953,True,True,999999,0,Quest-2,BeatSaber,PopStars-Medium,False,False,2.2
3,4,1382,525,73,0ms,0,0,0,0/0/0/1,1,0,0,FF,0/70/0,N/F/N,1353MHz,2712,0,35.5C/0.0C,3.45ms,1.10ms,0.27ms,13.86ms,2(DR0,0.37,0.30(W0.33),1.00,15.59/21.48,19.24,0,1.21,0,0,-2208907198.953,True,True,999999,0,Quest-2,BeatSaber,PopStars-Medium,False,False,2.2
3,4,1382,525,73,0ms,0,0,2,0/0/0/1,1,0,0,FF,0/70/0,N/F/N,1353MHz,2711,0,35.5C/0.0C,3.36ms,0.77ms,0.27ms,13.91ms,2(DR0,0.36,0.29(W0.32),1.00,15.47/21.16,19.17,0,1.21,0,0,-2208907197.946,True,True,999999,0,Quest-2,BeatSaber,PopStars-Medium,False,False,2.2
3,4,1382,525,73,0ms,0,0,4,1/0/0/2,1,0,0,FF,0/70/0,N/F/N,1353MHz,2711,0,35.5C/0.0C,3.37ms,1.06ms,0.27ms,13.87ms,2(DR0,0.36,0.33(W0.36),1.00,15.83/21.58,19.34,0,1.21,0,0,-2208907196.953,True,True,999999,0,Quest-2,BeatSaber,PopStars-Medium,False,False,2.2
3,4,1382,525,73,0ms,0,0,0,0/0/0/0,1,0,0,FF,0/70/0,N/F/N,1353MHz,2711,0,35.5C/0.0C,3.36ms,1.03ms,0.27ms,13.87ms,2(DR0,0.36,0.20(W0.26),1.00,15.87/21.43,19.32,0,1.21,0,0,-2208907195.953,True,True,999999,0,Quest-2,BeatSaber,PopStars-Medium,False,False,2.2
3,4,1382,525,73,0ms,0,0,2,0/0/0/1,1,0,0,FF,0/70/0,N/F/N,1353MHz,2711,0,35.5C/0.0C,3.18ms,0.92ms,0.26ms,13.89ms,2(DR0,0.33,0.07(W0.17),1.00,15.75/21.16,19.23,0,1.21,0,0,-2208907194.952,True,True,999999,0,Quest-2,BeatSaber,PopStars-Medium,False,False,2.2
3,4,1382,525,73,0ms,0,0,2,1/0/0/2,1,0,0,FF,0/70/0,N/F/N,1353MHz,2711,0,35.5C/0.0C,3.43ms,1.20ms,0.27ms,13.68ms,2(DR0,0.37,0.31(W0.42),1.00,16.04/21.30,19.17,0,1.21,0,0,-2208907193.952,True,True,999999,0,Quest-2,BeatSaber,PopStars-Medium,False,False,2.2
3,4,1382,525,73,0ms,0,0,1,0/0/0/1,1,0,0,FF,0/70/0,N/F/N,1353MHz,2711,0,35.5C/0.0C,3.39ms,1.19ms,0.27ms,13.15ms,2(DR0,0.37,0.37(W0.39),1.00,15.34/21.33,19.15,0,1.21,0,0,-2208907192.952,True,True,999999,0,Quest-2,BeatSaber,PopStars-Medium,False,False,2.2
3,4,1382,525,73,0ms,0,0,0,0/0/0/0,1,0,0,FF,0/70/0,N/F/N,1353MHz,2711,0,35.5C/0.0C,3.33ms,1.09ms,0.27ms,13.14ms,2(DR0,0.35,0.28(W0.32),1.00,15.58/21.25,19.25,0,1.21,0,0,-2208907191.952,True,True,999999,0,Quest-2,BeatSaber,PopStars-Medium,False,False,2.2
3,4,1382,525,73,0ms,0,0,3,0/0/0/1,1,0,0,FF,0/70/0,N/F/N,1353MHz,2711,0,35.5C/0.0C,3.44ms,1.13ms,0.27ms,13.76ms,2(DR0,0.38,0.14(W0.17),1.00,15.61/21.64,19.46,0,1.21,0,0,-2208907190.952,True,True,999999,0,Quest-2,BeatSaber,PopStars-Medium,False,False,2.2
3,4,1382,525,73,0ms,0,0,0,0/0/0/0,1,0,0,FF,0/70/0,N/F/N,1555MHz,2711,0,35.5C/0.0C,3.37ms,1.19ms,0.27ms,13.88ms,2(DR0,0.37,0.28(W0.32),1.00,15.97/21.63,19.45,0,1.21,0,0,-2208907189.952,True,True,999999,0,Quest-2,BeatSaber,PopStars-Medium,False,False,2.2
3,4,1382,525,73,0ms,0,0,4,1/0/0/3,1,0,0,FF,0/70/0,N/F/N,1353MHz,2711,0,35.5C/0.0C,3.42ms,1.18ms,0.27ms,13.94ms,2(DR0,0.37,0.26(W0.33),1.00,15.61/21.59,19.35,0,1.21,0,0,-2208907188.952,True,True,999999,0,Quest-2,BeatSaber,PopStars-Medium,False,False,2.2
3,4,1382,525,73,0ms,0,0,1,0/0/0/1,1,0,0,FF,0/70/0,N/F/N,1353MHz,2711,0,35.5C/0.0C,3.41ms,1.11ms,0.27ms,13.89ms,2(DR0,0.37,0.31(W0.33),1.00,16.01/21.95,19.52,0,1.21,0,0,-2208907187.952,True,True,999999,0,Quest-2,BeatSaber,PopStars-Medium,False,False,2.2
3,4,1382,525,73,0ms,0,0,1,0/0/0/1,1,0,0,FF,0/70/0,N/F/N,1353MHz,2711,0,35.5C/0.0C,3.39ms,1.22ms,0.28ms,13.87ms,2(DR0,0.37,0.30(W0.32),1.00,15.90/21.60,19.32,0,1.21,0,0,-2208907186.952,True,True,999999,0,Quest-2,BeatSaber,PopStars-Medium,False,False,2.2
3,4,1382,525,73,0ms,0,0,2,0/0/0/1,1,0,0,FF,0/70/0,N/F/N,1353MHz,2711,0,35.5C/0.0C,3.42ms,1.14ms,0.27ms,13.87ms,2(DR0,0.37,0.16(W0.21),1.00,15.70/21.90,19.35,0,1.21,0,0,-2208907185.952,True,True,999999,0,Quest-2,BeatSaber,PopStars-Medium,False,False,2.2
3,4,1382,525,73,0ms,0,0,1,0/0/0/1,1,0,0,FF,0/70/0,N/F/N,1353MHz,2711,0,35.7C/0.0C,3.42ms,1.21ms,0.27ms,13.86ms,2(DR0,0.37,0.29(W0.35),1.00,15.79/21.60,19.37,0,1.21,0,0,-2208907184.952,True,True,999999,0,Quest-2,BeatSaber,PopStars-Medium,False,False,2.2
3,4,1382,525,73,0ms,0,0,1,0/0/0/1,1,0,0,FF,0/70/0,N/F/N,1353MHz,2711,0,35.7C/0.0C,3.41ms,1.20ms,0.27ms,13.89ms,2(DR0,0.37,0.29(W0.38),1.00,15.53/22.05,19.34,0,1.21,0,0,-2208907183.952,True,True,999999,0,Quest-2,BeatSaber,PopStars-Medium,False,False,2.2
3,4,1382,525,73,0ms,0,0,0,0/0/0/0,1,0,0,FF,0/70/0,N/F/N,1353MHz,2711,0,36.0C/0.0C,3.39ms,1.21ms,0.27ms,13.86ms,2(DR0,0.37,0.30(W0.40),1.00,15.34/21.44,19.11,0,1.21,0,0,-2208907182.952,True,True,999999,0,Quest-2,BeatSaber,PopStars-Medium,False,False,2.2
3,4,1382,525,73,0ms,0,0,0,0/0/0/0,1,0,0,FF,0/70/0,N/F/N,1353MHz,2711,0,36.0C/0.0C,3.40ms,1.17ms,0.27ms,13.86ms,2(DR0,0.37,0.34(W0.38),1.00,15.60/21.33,19.37,0,1.21,0,0,-2208907181.952,True,True,999999,0,Quest-2,BeatSaber,PopStars-Medium,False,False,2.2
3,4,1382,525,73,0ms,0,0,1,0/0/0/1,1,0,0,FF,0/70/0,N/F/N,1353MHz,2711,0,36.0C/0.0C,3.43ms,1.20ms,0.27ms,13.87ms,2(DR0,0.37,0.27(W0.30),1.00,15.83/21.33,19.31,0,1.21,0,0,-2208907180.951,True,True,999999,0,Quest-2,BeatSaber,PopStars-Medium,False,False,2.2
3,4,1382,525,73,0ms,0,0,0,0/0/0/0,1,0,0,FF,0/70/0,N/F/N,1353MHz,2711,0,36.0C/0.0C,3.46ms,1.12ms,0.27ms,13.86ms,2(DR0,0.37,0.16(W0.23),1.00,15.49/21.30,19.16,0,1.21,0,0,-2208907179.951,True,True,999999,0,Quest-2,BeatSaber,PopStars-Medium,False,False,2.2
3,4,1382,525,73,0ms,0,0,1,0/0/0/1,1,0,0,FF,0/70/0,N/F/N,1353MHz,2711,0,36.0C/0.0C,3.36ms,1.15ms,0.29ms,13.87ms,2(DR0,0.36,0.32(W0.44),1.00,15.27/21.11,19.17,0,1.21,0,0,-2208907178.951,True,True,999999,0,Quest-2,BeatSaber,PopStars-Medium,False,False,2.2
3,4,1382,525,73,0ms,0,0,3,1/0/0/2,1,0,0,FF,0/70/0,N/F/N,1353MHz,2704,0,36.0C/0.0C,3.44ms,1.20ms,0.27ms,13.95ms,2(DR0,0.37,0.29(W0.41),1.00,16.17/21.45,19.38,0,1.21,0,0,-2208907177.943,True,True,999999,0,Quest-2,BeatSaber,PopStars-Medium,False,False,2.2
3,4,1382,525,73,0ms,0,0,2,0/0/0/1,1,0,0,FF,0/70/0,N/F/N,1353MHz,2704,0,36.0C/0.0C,3.44ms,1.14ms,0.27ms,13.90ms,2(DR0,0.37,0.24(W0.26),1.00,15.71/21.38,19.34,0,1.21,0,0,-2208907176.951,True,True,999999,0,Quest-2,BeatSaber,PopStars-Medium,False,False,2.2
3,4,1382,525,73,0ms,0,0,1,0/0/0/1,1,0,0,FF,0/70/0,N/F/N,1555MHz,2704,0,36.0C/0.0C,3.40ms,1.16ms,0.27ms,13.88ms,2(DR0,0.37,0.17(W0.20),1.00,15.75/21.51,19.21,0,1.21,0,0,-2208907175.951,True,True,999999,0,Quest-2,BeatSaber,PopStars-Medium,False,False,2.2
3,4,1382,525,73,0ms,0,0,1,0/0/0/1,1,0,0,FF,0/70/0,N/F/N,1555MHz,2704,0,36.0C/0.0C,3.43ms,1.09ms,0.27ms,13.87ms,2(DR0,0.37,0.24(W0.27),1.00,15.38/21.31,19.15,0,1.21,0,0,-2208907174.951,True,True,999999,0,Quest-2,BeatSaber,PopStars-Medium,False,False,2.2
3,4,1382,525,73,0ms,0,0,0,0/0/0/0,1,0,0,FF,0/70/0,N/F/N,1555MHz,2704,0,36.0C/0.0C,3.40ms,1.11ms,0.28ms,13.86ms,2(DR0,0.36,0.31(W0.32),1.00,15.39/21.41,19.08,0,1.21,0,0,-2208907173.951,True,True,999999,0,Quest-2,BeatSaber,PopStars-Medium,False,False,2.2
3,4,1382,525,73,0ms,0,0,5,1/0/0/4,1,0,0,FF,0/70/0,N/F/N,1353MHz,2704,0,36.0C/0.0C,3.47ms,1.23ms,0.28ms,13.53ms,2(DR0,0.37,0.25(W0.35),1.00,15.82/21.24,19.17,0,1.21,0,0,-2208907172.951,True,True,999999,0,Quest-2,BeatSaber,PopStars-Medium,False,False,2.2
3,4,1382,525,73,0ms,0,0,3,0/0/0/1,1,0,0,FF,0/70/0,N/F/N,1353MHz,2704,0,36.0C/0.0C,3.45ms,1.19ms,0.26ms,13.95ms,2(DR0,0.37,0.31(W0.33),1.00,15.66/21.59,19.31,0,1.21,0,0,-2208907171.951,True,True,999999,0,Quest-2,BeatSaber,PopStars-Medium,False,False,2.2
3,4,1382,525,73,0ms,0,0,1,0/0/0/1,1,0,0,FF,0/70/0,N/F/N,1555MHz,2704,0,36.0C/0.0C,3.48ms,1.19ms,0.27ms,13.88ms,2(DR0,0.37,0.28(W0.38),1.00,15.72/21.35,19.22,0,1.21,0,0,-2208907170.951,True,True,999999,0,Quest-2,BeatSaber,PopStars-Medium,False,False,2.2
3,4,1382,525,73,0ms,0,0,1,0/0/0/1,1,0,0,FF,0/70/0,N/F/N,1353MHz,2704,0,36.0C/0.0C,3.36ms,1.02ms,0.27ms,13.86ms,2(DR0,0.36,0.22(W0.23),1.00,15.54/21.35,19.16,0,1.21,0,0,-2208907169.951,True,True,999999,0,Quest-2,BeatSaber,PopStars-Medium,False,False,2.2
3,4,1382,525,73,0ms,0,0,1,0/0/0/1,1,0,0,FF,0/70/0,N/F/N,1353MHz,2704,0,36.0C/0.0C,3.44ms,1.08ms,0.27ms,13.91ms,2(DR0,0.36,0.30(W0.33),1.00,15.81/21.08,19.13,0,1.21,0,0,-2208907168.951,True,True,999999,0,Quest-2,BeatSaber,PopStars-Medium,False,False,2.2
3,4,1382,525,73,0ms,0,0,0,0/0/0/0,1,0,0,FF,0/70/0,N/F/N,1353MHz,2704,0,36.0C/0.0C,3.39ms,1.08ms,0.27ms,13.86ms,2(DR0,0.36,0.33(W0.35),1.00,15.65/21.11,19.13,0,1.21,0,0,-2208907167.951,True,True,999999,0,Quest-2,BeatSaber,PopStars-Medium,False,False,2.2
3,4,1382,525,73,0ms,0,0,0,0/0/0/0,1,0,0,FF,0/70/0,N/F/N,1353MHz,2704,0,36.0C/0.0C,3.38ms,1.05ms,0.28ms,13.86ms,2(DR0,0.36,0.18(W0.32),1.00,15.48/21.25,19.12,0,1.21,0,0,-2208907166.95,True,True,999999,0,Quest-2,BeatSaber,PopStars-Medium,False,False,2.2
3,4,1382,525,73,0ms,0,0,2,0/0/0/1,1,0,0,FF,0/70/0,N/F/N,1353MHz,2704,0,36.0C/0.0C,3.41ms,1.10ms,0.28ms,13.93ms,2(DR0,0.36,0.20(W0.35),1.00,15.60/21.48,19.25,0,1.21,0,0,-2208907165.95,True,True,999999,0,Quest-2,BeatSaber,PopStars-Medium,False,False,2.2
3,4,1382,525,73,0ms,0,0,1,0/0/0/1,1,0,0,FF,0/70/0,N/F/N,1353MHz,2704,0,36.0C/0.0C,3.49ms,1.15ms,0.28ms,13.91ms,2(DR0,0.38,0.16(W0.17),1.00,15.36/21.37,19.15,0,1.21,0,0,-2208907164.95,True,True,999999,0,Quest-2,BeatSaber,PopStars-Medium,False,False,2.2
3,4,1382,525,73,0ms,0,0,1,0/0/0/1,1,0,0,FF,0/70/0,N/F/N,1353MHz,2704,0,36.0C/0.0C,3.44ms,1.13ms,0.27ms,13.87ms,2(DR0,0.38,0.37(W0.42),1.00,15.47/21.46,19.13,0,1.21,0,0,-2208907163.95,True,True,999999,0,Quest-2,BeatSaber,PopStars-Medium,False,False,2.2
3,4,1382,525,73,0ms,0,0,2,0/0/0/1,1,0,0,FF,0/70/0,N/F/N,1353MHz,2704,0,36.0C/0.0C,3.41ms,1.15ms,0.27ms,13.90ms,2(DR0,0.38,0.25(W0.26),1.00,15.53/21.52,19.16,0,1.21,0,0,-2208907162.95,True,True,999999,0,Quest-2,BeatSaber,PopStars-Medium,False,False,2.2
3,4,1382,525,73,0ms,0,0,0,0/0/0/0,1,0,0,FF,0/70/0,N/F/N,1353MHz,2704,0,36.0C/0.0C,3.43ms,1.19ms,0.27ms,13.88ms,2(DR0,0.37,0.29(W0.33),1.00,15.41/21.04,19.14,0,1.21,0,0,-2208907161.95,True,True,999999,0,Quest-2,BeatSaber,PopStars-Medium,False,False,2.2
3,4,1382,525,73,0ms,0,0,0,0/0/0/0,1,0,0,FF,0/70/0,N/F/N,1353MHz,2704,0,36.0C/0.0C,3.43ms,1.23ms,0.29ms,13.86ms,2(DR0,0.37,0.21(W0.27),1.00,15.59/21.18,19.12,0,1.21,0,0,-2208907160.95,True,True,999999,0,Quest-2,BeatSaber,PopStars-Medium,False,False,2.2
3,4,1382,525,73,0ms,0,0,1,0/0/0/1,1,0,0,FF,0/70/0,N/F/N,1353MHz,2704,0,36.0C/0.0C,3.43ms,1.20ms,0.27ms,13.92ms,2(DR0,0.37,0.18(W0.20),1.00,15.56/21.69,19.23,0,1.21,0,0,-2208907159.95,True,True,999999,0,Quest-2,BeatSaber,PopStars-Medium,False,False,2.2
3,4,1382,525,73,0ms,0,0,2,0/0/0/1,1,0,0,FF,0/70/0,N/F/N,1353MHz,2704,0,36.0C/0.0C,3.37ms,1.21ms,0.27ms,13.92ms,2(DR0,0.37,0.33(W0.38),1.00,15.47/21.66,19.30,0,1.21,0,0,-2208907158.95,True,True,999999,0,Quest-2,BeatSaber,PopStars-Medium,False,False,2.2
3,4,1382,525,73,0ms,0,0,2,1/0/0/2,1,0,0,FF,0/70/0,N/F/N,1353MHz,2707,0,36.0C/0.0C,3.41ms,1.16ms,0.27ms,13.14ms,2(DR0,0.37,0.29(W0.43),1.00,15.83/21.50,19.23,0,1.21,0,0,-2208907157.942,True,True,999999,0,Quest-2,BeatSaber,PopStars-Medium,False,False,2.2
3,4,1382,525,73,0ms,0,0,0,0/0/0/0,1,0,0,FF,0/70/0,N/F/N,1353MHz,2707,0,36.2C/0.0C,3.41ms,1.21ms,0.28ms,13.14ms,2(DR0,0.36,0.32(W0.46),1.00,15.55/21.36,19.14,0,1.21,0,0,-2208907156.95,True,True,999999,0,Quest-2,BeatSaber,PopStars-Medium,False,False,2.2
3,4,1382,525,73,0ms,0,0,2,0/0/0/1,1,0,0,FF,0/70/0,N/F/N,1353MHz,2707,0,36.2C/0.0C,3.43ms,1.20ms,0.27ms,13.90ms,2(DR0,0.37,0.31(W0.35),1.00,15.61/21.40,19.35,0,1.21,0,0,-2208907155.95,True,True,999999,0,Quest-2,BeatSaber,PopStars-Medium,False,False,2.2
3,4,1382,525,73,0ms,0,0,0,0/0/0/0,1,0,0,FF,0/70/0,N/F/N,1353MHz,2707,0,36.2C/0.0C,3.38ms,1.19ms,0.28ms,13.86ms,2(DR0,0.37,0.25(W0.36),1.00,15.70/21.32,19.21,0,1.21,0,0,-2208907154.95,True,True,999999,0,Quest-2,BeatSaber,PopStars-Medium,False,False,2.2
5,4,1382,525,73,0ms,0,0,0,0/0/0/0,1,0,0,FF,0/70/0,N/F/N,1353MHz,2707,0,36.2C/0.0C,3.38ms,2.16ms,0.28ms,13.88ms,2(DR0,0.36,0.23(W0.32),1.00,15.67/21.25,19.23,0,1.21,0,0,-2208907153.95,True,True,999999,0,Quest-2,BeatSaber,PopStars-Medium,False,False,2.2
5,4,1478,525,70,0ms,0,0,13,0/0/1/12,1,0,0,FF,0/70/0,N/F/N,1353MHz,2707,0,36.2C/0.0C,3.34ms,0.82ms,0.30ms,13.79ms,2(DR0,0.35,0.33(W0.35),1.00,15.69/21.35,19.22,0,1.21,0,0,-2208907152.949,True,True,999999,0,Quest-2,BeatSaber,PopStars-Medium,False,False,2.2
5,4,1478,525,73,0ms,0,0,0,0/0/0/0,1,0,0,FF,0/70/0,N/F/N,1353MHz,2707,0,36.2C/0.0C,3.34ms,0.91ms,0.27ms,13.86ms,2(DR0,0.36,0.14(W0.20),1.00,15.45/21.41,19.21,0,1.21,0,0,-2208907151.949,True,True,999999,0,Quest-2,BeatSaber,PopStars-Medium,False,False,2.2
5,4,1478,525,73,0ms,0,0,0,0/0/0/0,1,0,0,FF,0/70/0,N/F/N,1353MHz,2707,0,36.2C/0.0C,3.36ms,0.87ms,0.26ms,13.86ms,2(DR0,0.35,0.14(W0.19),1.00,15.37/21.57,19.16,0,1.21,0,0,-2208907150.949,True,True,999999,0,Quest-2,BeatSaber,PopStars-Medium,False,False,2.2
5,4,1478,525,73,0ms,0,0,0,0/0/0/0,1,0,0,FF,0/70/0,N/F/N,1353MHz,2707,0,36.2C/0.0C,3.38ms,1.14ms,0.27ms,13.87ms,2(DR0,0.36,0.21(W0.26),1.00,15.20/21.55,19.48,0,1.21,0,0,-2208907149.949,True,True,999999,0,Quest-2,BeatSaber,PopStars-Medium,False,False,2.2
5,4,1478,525,73,0ms,0,0,0,0/0/0/0,1,0,0,FF,0/70/0,N/F/N,1353MHz,2707,0,36.2C/0.0C,3.46ms,1.22ms,0.27ms,13.86ms,2(DR0,0.38,0.27(W0.43),1.00,15.88/21.51,19.33,0,1.21,0,0,-2208907148.949,True,True,999999,0,Quest-2,BeatSaber,PopStars-Medium,False,False,2.2
5,4,1478,525,73,0ms,0,0,0,0/0/0/0,1,0,0,FF,0/70/0,N/F/N,1353MHz,2707,0,36.0C/0.0C,3.40ms,1.16ms,0.27ms,13.91ms,2(DR0,0.37,0.36(W0.42),1.00,15.61/21.40,19.23,0,1.21,0,0,-2208907147.949,True,True,999999,0,Quest-2,BeatSaber,PopStars-Medium,False,False,2.2
5,4,1478,525,73,0ms,0,0,3,0/0/0/1,1,0,0,FF,0/70/0,N/F/N,1353MHz,2707,0,36.0C/0.0C,3.43ms,1.22ms,0.27ms,13.94ms,2(DR0,0.38,0.20(W0.36),1.00,15.62/21.47,19.24,0,1.21,0,0,-2208907146.949,True,True,999999,0,Quest-2,BeatSaber,PopStars-Medium,False,False,2.2
5,4,1478,525,73,0ms,0,0,0,0/0/0/0,1,0,0,FF,0/70/0,N/F/N,1353MHz,2707,0,36.0C/0.0C,3.41ms,0.95ms,0.28ms,13.89ms,2(DR0,0.36,0.10(W0.20),1.00,15.54/21.43,19.13,0,1.21,0,0,-2208907145.949,True,True,999999,0,Quest-2,BeatSaber,PopStars-Medium,False,False,2.2
5,4,1478,525,73,0ms,0,0,2,0/0/0/1,1,0,0,FF,0/70/0,N/F/N,1353MHz,2707,0,36.0C/0.0C,3.41ms,1.15ms,0.27ms,13.90ms,2(DR0,0.37,0.14(W0.19),1.00,15.58/21.34,19.26,0,1.21,0,0,-2208907144.949,True,True,999999,0,Quest-2,BeatSaber,PopStars-Medium,False,False,2.2
5,4,1478,525,73,0ms,0,0,0,0/0/0/0,1,0,0,FF,0/70/0,N/F/N,1353MHz,2707,0,36.0C/0.0C,3.43ms,1.19ms,0.27ms,13.88ms,2(DR0,0.38,0.25(W0.35),1.00,16.07/21.49,19.37,0,1.21,0,0,-2208907143.949,True,True,999999,0,Quest-2,BeatSaber,PopStars-Medium,False,False,2.2
5,4,1478,525,73,0ms,0,0,1,0/0/0/1,1,0,0,FF,0/70/0,N/F/N,1353MHz,2707,0,36.0C/0.0C,3.45ms,1.22ms,0.27ms,13.86ms,2(DR0,0.37,0.29(W0.32),1.00,15.89/21.17,19.17,0,1.21,0,0,-2208907142.949,True,True,999999,0,Quest-2,BeatSaber,PopStars-Medium,False,False,2.2
5,4,1478,525,73,0ms,0,0,2,0/0/0/1,1,0,0,FF,0/70/0,N/F/N,1353MHz,2707,0,36.0C/0.0C,3.40ms,1.14ms,0.27ms,13.91ms,2(DR0,0.37,0.24(W0.30),1.00,15.45/21.20,19.11,0,1.21,0,0,-2208907141.949,True,True,999999,0,Quest-2,BeatSaber,PopStars-Medium,False,False,2.2
5,4,1478,525,73,0ms,0,0,1,0/0/0/0,1,0,0,FF,0/70/0,N/F/N,1353MHz,2707,0,36.0C/0.0C,3.39ms,1.08ms,0.27ms,13.88ms,2(DR0,0.37,0.18(W0.25),1.00,15.66/21.29,19.18,0,1.21,0,0,-2208907140.949,True,True,999999,0,Quest-2,BeatSaber,PopStars-Medium,False,False,2.2
5,4,1478,525,73,0ms,0,0,1,0/0/0/1,1,0,0,FF,0/70/0,N/F/N,1353MHz,2707,0,36.0C/0.0C,3.39ms,1.05ms,0.27ms,13.86ms,2(DR0,0.36,0.19(W0.24),1.00,15.74/21.20,19.23,0,1.21,0,0,-2208907139.949,True,True,999999,0,Quest-2,BeatSaber,PopStars-Medium,False,False,2.2
5,4,1478,525,73,0ms,0,0,0,0/0/0/0,1,0,0,FF,0/70/0,N/F/N,1353MHz,2707,0,36.0C/0.0C,3.42ms,1.12ms,0.28ms,13.91ms,2(DR0,0.37,0.27(W0.33),1.00,15.46/21.25,19.18,0,1.21,0,0,-2208907138.948,True,True,999999,0,Quest-2,BeatSaber,PopStars-Medium,False,False,2.2
5,4,1478,525,73,0ms,0,0,2,0/0/0/1,1,0,0,FF,0/70/0,N/F/N,1353MHz,2702,0,36.0C/0.0C,3.38ms,1.15ms,0.27ms,13.88ms,2(DR0,0.36,0.30(W0.38),1.00,15.68/21.57,19.37,0,1.21,0,0,-2208907137.941,True,True,999999,0,Quest-2,BeatSaber,PopStars-Medium,False,False,2.2
5,4,1478,525,73,0ms,0,0,3,0/0/0/1,1,0,0,FF,0/70/0,N/F/N,1555MHz,2702,0,36.0C/0.0C,3.35ms,1.13ms,0.27ms,13.92ms,2(DR0,0.37,0.18(W0.24),1.00,15.57/21.63,19.36,0,1.21,0,0,-2208907136.948,True,True,999999,0,Quest-2,BeatSaber,PopStars-Medium,False,False,2.2
5,4,1478,525,73,0ms,0,0,2,0/0/0/1,1,0,0,FF,0/70/0,N/F/N,1804MHz,2702,0,36.0C/0.0C,3.40ms,1.14ms,0.27ms,13.92ms,2(DR0,0.36,0.27(W0.38),1.00,15.62/21.39,19.36,0,1.21,0,0,-2208907135.948,True,True,999999,0,Quest-2,BeatSaber,PopStars-Medium,False,False,2.2
5,4,1478,525,73,0ms,0,0,2,0/0/0/1,1,0,0,FF,0/70/0,N/F/N,1804MHz,2702,0,36.0C/0.0C,3.34ms,1.13ms,0.27ms,13.87ms,2(DR0,0.36,0.24(W0.38),1.00,15.70/21.12,19.20,0,1.21,0,0,-2208907134.948,True,True,999999,0,Quest-2,BeatSaber,PopStars-Medium,False,False,2.2
5,4,1478,525,73,0ms,0,0,0,0/0/0/0,1,0,0,FF,0/70/0,N/F/N,1353MHz,2702,0,36.0C/0.0C,3.44ms,1.17ms,0.27ms,13.88ms,2(DR0,0.37,0.17(W0.25),1.00,15.77/21.19,19.14,0,1.21,0,0,-2208907133.948,True,True,999999,0,Quest-2,BeatSaber,PopStars-Medium,False,False,2.2
5,4,1478,525,73,0ms,0,0,1,0/0/0/1,1,0,0,FF,0/70/0,N/F/N,1353MHz,2702,0,36.2C/0.0C,3.42ms,1.22ms,0.27ms,13.90ms,2(DR0,0.36,0.25(W0.32),1.00,15.34/21.50,19.21,0,1.21,0,0,-2208907132.948,True,True,999999,0,Quest-2,BeatSaber,PopStars-Medium,False,False,2.2
5,4,1478,525,73,0ms,0,0,1,0/0/0/1,1,0,0,FF,0/70/0,N/F/N,1804MHz,2702,0,36.2C/0.0C,3.41ms,1.24ms,0.27ms,13.86ms,2(DR0,0.36,0.26(W0.33),1.00,15.29/21.52,19.29,0,1.21,0,0,-2208907131.948,True,True,999999,0,Quest-2,BeatSaber,PopStars-Medium,False,False,2.2
5,4,1478,525,73,0ms,0,0,2,1/0/0/2,1,0,0,FF,0/70/0,N/F/N,1353MHz,2702,0,36.2C/0.0C,3.40ms,1.11ms,0.28ms,13.89ms,2(DR0,0.36,0.17(W0.20),1.00,15.92/21.37,19.31,0,1.21,0,0,-2208907130.948,True,True,999999,0,Quest-2,BeatSaber,PopStars-Medium,False,False,2.2
5,4,1478,525,73,0ms,0,0,1,0/0/0/1,1,0,0,FF,0/70/0,N/F/N,1353MHz,2702,0,36.2C/0.0C,3.38ms,1.15ms,0.27ms,13.71ms,2(DR0,0.37,0.21(W0.26),1.00,15.96/21.29,19.34,0,1.21,0,0,-2208907129.948,True,True,999999,0,Quest-2,BeatSaber,PopStars-Medium,False,False,2.2
5,4,1478,525,73,0ms,0,0,2,0/0/0/1,1,0,0,FF,0/70/0,N/F/N,1555MHz,2702,0,36.2C/0.0C,3.44ms,1.13ms,0.27ms,13.34ms,2(DR0,0.38,0.29(W0.37),1.00,15.83/21.25,19.13,0,1.21,0,0,-2208907128.948,True,True,999999,0,Quest-2,BeatSaber,PopStars-Medium,False,False,2.2
5,4,1478,525,73,0ms,0,0,0,0/0/0/0,1,0,0,FF,0/70/0,N/F/N,1353MHz,2702,0,36.2C/0.0C,3.48ms,1.21ms,0.28ms,13.86ms,2(DR0,0.38,0.32(W0.43),1.00,15.52/21.32,19.13,0,1.21,0,0,-2208907127.948,True,True,999999,0,Quest-2,BeatSaber,PopStars-Medium,False,False,2.2
5,4,1478,525,73,0ms,0,0,2,0/0/0/1,1,0,0,FF,0/70/0,N/F/N,1353MHz,2702,0,36.2C/0.0C,3.44ms,1.24ms,0.28ms,13.86ms,2(DR0,0.37,0.29(W0.36),1.00,15.81/21.21,19.12,0,1.21,0,0,-2208907126.948,True,True,999999,0,Quest-2,BeatSaber,PopStars-Medium,False,False,2.2
5,4,1478,525,73,0ms,0,0,0,0/0/0/0,1,0,0,FF,0/70/0,N/F/N,1353MHz,2702,0,36.2C/0.0C,3.35ms,1.11ms,0.27ms,13.89ms,2(DR0,0.37,0.12(W0.25),1.00,15.81/21.21,19.13,0,1.21,0,0,-2208907125.948,True,True,999999,0,Quest-2,BeatSaber,PopStars-Medium,False,False,2.2
5,4,1478,525,73,0ms,0,0,6,0/1/0/6,1,0,0,FF,0/70/0,N/F/N,1353MHz,2702,0,36.2C/0.0C,3.34ms,0.92ms,0.27ms,13.91ms,2(DR0,0.35,0.08(W0.10),1.00,15.62/21.57,19.28,0,1.21,0,0,-2208907124.948,True,True,999999,0,Quest-2,BeatSaber,PopStars-Medium,False,False,2.2
5,4,1478,525,73,0ms,0,0,0,0/0/0/0,1,0,0,FF,0/70/0,N/F/N,1353MHz,2702,0,36.2C/0.0C,3.30ms,0.85ms,0.26ms,13.11ms,2(DR0,0.34,0.30(W0.36),1.00,15.71/21.69,19.30,0,1.21,0,0,-2208907123.947,True,True,999999,0,Quest-2,BeatSaber,PopStars-Medium,False,False,2.2
5,4,1478,525,73,0ms,0,0,1,0/0/0/1,1,0,0,FF,0/70/0,N/F/N,1353MHz,2702,0,36.2C/0.0C,3.38ms,1.19ms,0.27ms,13.12ms,2(DR0,0.37,0.24(W0.25),1.00,15.57/21.54,19.34,0,1.21,0,0,-2208907122.947,True,True,999999,0,Quest-2,BeatSaber,PopStars-Medium,False,False,2.2
5,4,1478,525,73,0ms,0,0,3,0/0/0/1,1,0,0,FF,0/70/0,N/F/N,1353MHz,2702,0,36.2C/0.0C,3.43ms,1.18ms,0.28ms,13.15ms,2(DR0,0.37,0.28(W0.38),1.00,15.70/21.32,19.30,0,1.21,0,0,-2208907121.947,True,True,999999,0,Quest-2,BeatSaber,PopStars-Medium,False,False,2.2
5,4,1478,525,73,0ms,0,0,0,0/0/0/0,1,0,0,FF,0/70/0,N/F/N,1353MHz,2702,0,36.2C/0.0C,3.40ms,1.06ms,0.27ms,13.92ms,2(DR0,0.37,0.13(W0.20),1.00,15.72/21.34,19.22,0,1.21,0,0,-2208907120.947,True,True,999999,0,Quest-2,BeatSaber,PopStars-Medium,False,False,2.2
5,4,1478,525,73,0ms,0,0,0,0/0/0/0,1,0,0,FF,0/70/0,N/F/N,1555MHz,2702,0,36.2C/0.0C,3.48ms,1.11ms,0.28ms,13.87ms,2(DR0,0.37,0.25(W0.36),1.00,15.72/21.34,19.22,0,1.21,0,0,-2208907119.947,True,True,999999,0,Quest-2,BeatSaber,PopStars-Medium,False,False,2.2
5,4,1478,525,73,0ms,0,0,2,0/0/0/1,1,0,0,FF,0/70/0,N/F/N,1555MHz,2702,0,36.2C/0.0C,3.43ms,1.23ms,0.27ms,13.90ms,2(DR0,0.38,0.33(W0.35),1.00,15.48/21.30,19.13,0,1.21,0,0,-2208907118.947,True,True,999999,0,Quest-2,BeatSaber,PopStars-Medium,False,False,2.2
5,4,1478,525,73,0ms,0,0,0,0/0/0/0,1,0,0,FF,0/70/0,N/F/N,1353MHz,2703,0,36.2C/0.0C,3.34ms,0.87ms,0.29ms,13.86ms,2(DR0,0.37,0.31(W0.33),1.00,15.78/21.35,19.21,0,1.21,0,0,-2208907117.94,True,True,999999,0,Quest-2,BeatSaber,PopStars-Medium,False,False,2.2
5,4,1478,525,73,0ms,0,0,3,1/0/0/3,1,0,0,FF,0/70/0,N/F/N,1555MHz,2703,0,36.2C/0.0C,3.35ms,0.97ms,0.27ms,13.51ms,2(DR0,0.35,0.30(W0.38),1.00,15.83/21.50,19.17,0,1.21,0,0,-2208907116.947,True,True,999999,0,Quest-2,BeatSaber,PopStars-Medium,False,False,2.2
5,4,1478,525,73,0ms,0,0,1,0/0/0/1,1,0,0,FF,0/70/0,N/F/N,1353MHz,2703,0,36.2C/0.0C,3.41ms,1.15ms,0.27ms,13.45ms,2(DR0,0.37,0.20(W0.24),1.00,15.79/21.61,19.28,0,1.21,0,0,-2208907115.947,True,True,999999,0,Quest-2,BeatSaber,PopStars-Medium,False,False,2.2
5,4,1478,525,73,0ms,0,0,0,0/0/0/0,1,0,0,FF,0/70/0,N/F/N,1353MHz,2703,0,36.2C/0.0C,3.42ms,1.12ms,0.27ms,13.86ms,2(DR0,0.37,0.22(W0.32),1.00,15.66/21.44,19.30,0,1.21,0,0,-2208907114.947,True,True,999999,0,Quest-2,BeatSaber,PopStars-Medium,False,False,2.2
5,4,1478,525,73,0ms,0,0,0,0/0/0/0,1,0,0,FF,0/70/0,N/F/N,1353MHz,2703,0,36.2C/0.0C,3.39ms,1.17ms,0.27ms,13.86ms,2(DR0,0.37,0.22(W0.29),1.00,15.49/21.31,19.16,0,1.21,0,0,-2208907113.947,True,True,999999,0,Quest-2,BeatSaber,PopStars-Medium,False,False,2.2
5,4,1478,525,73,0ms,0,0,1,0/0/0/1,1,0,0,FF,0/70/0,N/F/N,1353MHz,2703,0,36.5C/0.0C,3.44ms,1.19ms,0.28ms,13.90ms,2(DR0,0.38,0.29(W0.36),1.00,15.46/21.22,19.13,0,1.21,0,0,-2208907112.947,True,True,999999,0,Quest-2,BeatSaber,PopStars-Medium,False,False,2.2
5,4,1478,525,73,0ms,0,0,1,0/0/0/1,1,0,0,FF,0/70/0,N/F/N,1353MHz,2703,0,36.5C/0.0C,3.37ms,1.10ms,0.27ms,13.87ms,2(DR0,0.37,0.21(W0.24),1.00,15.78/21.33,19.24,0,1.21,0,0,-2208907111.947,True,True,999999,0,Quest-2,BeatSaber,PopStars-Medium,False,False,2.2
5,4,1478,525,73,0ms,0,0,1,0/0/0/1,1,0,0,FF,0/70/0,N/F/N,1353MHz,2703,0,36.5C/0.0C,3.45ms,1.14ms,0.27ms,13.86ms,2(DR0,0.37,0.18(W0.21),1.00,15.42/21.40,19.27,0,1.21,0,0,-2208907110.947,True,True,999999,0,Quest-2,BeatSaber,PopStars-Medium,False,False,2.2
5,4,1478,525,73,0ms,0,0,2,0/0/0/1,1,0,0,FF,0/70/0,N/F/N,1353MHz,2703,0,36.5C/0.0C,3.43ms,1.17ms,0.27ms,13.87ms,2(DR0,0.37,0.25(W0.29),1.00,15.75/21.32,19.21,0,1.21,0,0,-2208907109.947,True,True,999999,0,Quest-2,BeatSaber,PopStars-Medium,False,False,2.2
5,4,1478,525,73,0ms,0,0,2,1/0/0/2,1,0,0,FF,0/70/0,N/F/N,1353MHz,2703,0,36.2C/0.0C,3.44ms,1.16ms,0.27ms,13.46ms,2(DR0,0.38,0.36(W0.43),1.00,15.56/21.59,19.25,0,1.21,0,0,-2208907108.946,True,True,999999,0,Quest-2,BeatSaber,PopStars-Medium,False,False,2.2
5,4,1478,525,73,0ms,0,0,2,0/0/0/1,1,0,0,FF,0/70/0,N/F/N,1353MHz,2703,0,36.2C/0.0C,3.45ms,1.17ms,0.27ms,13.81ms,2(DR0,0.37,0.28(W0.33),1.00,15.55/21.37,19.29,0,1.21,0,0,-2208907107.946,True,True,999999,0,Quest-2,BeatSaber,PopStars-Medium,False,False,2.2
5,4,1478,525,73,0ms,0,0,1,0/0/0/1,1,0,0,FF,0/70/0,N/F/N,1353MHz,2703,0,36.2C/0.0C,3.43ms,1.20ms,0.27ms,13.86ms,2(DR0,0.37,0.27(W0.32),1.00,16.06/21.38,19.24,0,1.21,0,0,-2208907106.946,True,True,999999,0,Quest-2,BeatSaber,PopStars-Medium,False,False,2.2
5,4,1478,525,73,0ms,0,0,0,0/0/0/0,1,0,0,FF,0/70/0,N/F/N,2092MHz,2703,0,36.2C/0.0C,3.34ms,1.06ms,0.29ms,13.90ms,2(DR0,0.36,0.24(W0.29),1.00,15.71/21.28,19.17,0,1.21,0,0,-2208907105.946,True,True,999999,0,Quest-2,BeatSaber,PopStars-Medium,False,False,2.2
5,4,1478,525,73,0ms,0,0,6,0/1/0/5,1,0,0,FF,0/70/0,N/F/N,1353MHz,2703,0,36.2C/0.0C,3.30ms,0.82ms,0.27ms,13.99ms,2(DR0,0.35,0.28(W0.32),1.00,15.57/21.57,19.17,0,1.21,0,0,-2208907104.946,True,True,999999,0,Quest-2,BeatSaber,PopStars-Medium,False,False,2.2
5,4,1478,525,73,0ms,0,0,0,0/0/0/0,1,0,0,FF,0/70/0,N/F/N,1555MHz,2703,0,36.2C/0.0C,3.45ms,1.15ms,0.27ms,13.86ms,2(DR0,0.37,0.16(W0.23),1.00,15.69/21.54,19.38,0,1.21,0,0,-2208907103.946,True,True,999999,0,Quest-2,BeatSaber,PopStars-Medium,False,False,2.2
5,4,1478,525,73,0ms,0,0,1,0/0/0/1,1,0,0,FF,0/70/0,N/F/N,1555MHz,2703,0,36.5C/0.0C,3.43ms,1.10ms,0.27ms,13.91ms,2(DR0,0.37,0.34(W0.44),1.00,15.84/21.44,19.32,0,1.21,0,0,-2208907102.946,True,True,999999,0,Quest-2,BeatSaber,PopStars-Medium,False,False,2.2
5,4,1478,525,73,0ms,0,0,2,0/0/0/1,1,0,0,FF,0/70/0,N/F/N,1555MHz,2703,0,36.5C/0.0C,3.44ms,1.15ms,0.27ms,13.88ms,2(DR0,0.37,0.16(W0.22),1.00,15.71/21.33,19.19,0,1.21,0,0,-2208907101.946,True,True,999999,0,Quest-2,BeatSaber,PopStars-Medium,False,False,2.2
5,4,1478,525,73,0ms,0,0,1,0/0/0/1,1,0,0,FF,0/70/0,N/F/N,1353MHz,2703,0,36.5C/0.0C,3.39ms,1.11ms,0.27ms,13.91ms,2(DR0,0.37,0.20(W0.25),1.00,15.69/21.65,19.32,0,1.21,0,0,-2208907100.946,True,True,999999,0,Quest-2,BeatSaber,PopStars-Medium,False,False,2.2
5,4,1478,525,73,0ms,0,0,1,0/0/0/1,1,0,0,FF,0/70/0,N/F/N,1353MHz,2703,0,36.5C/0.0C,3.44ms,1.14ms,0.27ms,13.97ms,2(DR0,0.37,0.22(W0.26),1.00,15.64/21.51,19.30,0,1.21,0,0,-2208907099.946,True,True,999999,0,Quest-2,BeatSaber,PopStars-Medium,False,False,2.2
5,4,1478,525,73,0ms,0,0,2,0/0/0/1,1,0,0,FF,0/70/0,N/F/N,1353MHz,2703,0,36.5C/0.0C,3.43ms,1.11ms,0.27ms,13.86ms,2(DR0,0.37,0.33(W0.46),1.00,15.49/21.25,19.20,0,1.21,0,0,-2208907098.946,True,True,999999,0,Quest-2,BeatSaber,PopStars-Medium,False,False,2.2
5,4,1478,525,73,0ms,0,0,1,0/0/0/1,1,0,0,FF,0/70/0,N/F/N,1353MHz,2698,0,36.5C/0.0C,3.44ms,1.14ms,0.27ms,13.92ms,2(DR0,0.37,0.36(W0.40),1.00,15.68/21.32,19.10,0,1.21,0,0,-2208907097.939,True,True,999999,0,Quest-2,BeatSaber,PopStars-Medium,False,False,2.2
5,4,1478,525,73,0ms,0,0,2,0/0/0/1,1,0,0,FF,0/70/0,N/F/N,1353MHz,2698,0,36.5C/0.0C,3.36ms,1.06ms,0.27ms,13.91ms,2(DR0,0.36,0.25(W0.30),1.00,15.49/21.40,19.05,0,1.21,0,0,-2208907096.946,True,True,999999,0,Quest-2,BeatSaber,PopStars-Medium,False,False,2.2
5,4,1478,525,73,0ms,0,0,4,0/0/0/1,1,0,0,FF,0/70/0,N/F/N,1555MHz,2698,0,36.5C/0.0C,3.35ms,1.10ms,0.27ms,13.94ms,2(DR0,0.36,0.17(W0.24),1.00,15.52/21.21,19.05,0,1.21,0,0,-2208907095.946,True,True,999999,0,Quest-2,BeatSaber,PopStars-Medium,False,False,2.2
5,4,1478,525,73,0ms,0,0,0,0/0/0/0,1,0,0,FF,0/70/0,N/F/N,1555MHz,2698,0,36.5C/0.0C,3.39ms,1.12ms,0.28ms,13.87ms,2(DR0,0.36,0.19(W0.29),1.00,15.55/21.00,19.15,0,1.21,0,0,-2208907094.946,True,True,999999,0,Quest-2,BeatSaber,PopStars-Medium,False,False,2.2
5,4,1478,525,73,0ms,0,0,2,0/0/0/1,1,0,0,FF,0/70/0,N/F/N,1555MHz,2698,0,36.5C/0.0C,3.39ms,1.11ms,0.29ms,13.88ms,2(DR0,0.37,0.28(W0.36),1.00,15.48/21.13,19.24,0,1.21,0,0,-2208907093.945,True,True,999999,0,Quest-2,BeatSaber,PopStars-Medium,False,False,2.2
5,4,1478,525,73,0ms,0,0,1,0/0/0/1,1,0,0,FF,0/70/0,N/F/N,1555MHz,2698,0,36.5C/0.0C,3.41ms,1.08ms,0.27ms,13.86ms,2(DR0,0.37,0.27(W0.35),1.00,15.70/21.10,19.17,0,1.21,0,0,-2208907092.945,True,True,999999,0,Quest-2,BeatSaber,PopStars-Medium,False,False,2.2
5,4,1478,525,73,0ms,0,0,2,0/0/0/1,1,0,0,FF,0/70/0,N/F/N,1555MHz,2698,0,36.5C/0.0C,3.41ms,1.15ms,0.27ms,13.93ms,2(DR0,0.37,0.25(W0.30),1.00,15.81/21.03,19.11,0,1.21,0,0,-2208907091.945,True,True,999999,0,Quest-2,BeatSaber,PopStars-Medium,False,False,2.2
5,4,1478,525,73,0ms,0,0,1,0/0/0/1,1,0,0,FF,0/70/0,N/F/N,1353MHz,2698,0,36.5C/0.0C,3.47ms,1.25ms,0.27ms,13.91ms,2(DR0,0.37,0.18(W0.25),1.00,15.70/21.25,19.12,0,1.21,0,0,-2208907090.945,True,True,999999,0,Quest-2,BeatSaber,PopStars-Medium,False,False,2.2
5,4,1478,525,73,0ms,0,0,1,0/0/0/1,1,0,0,FF,0/70/0,N/F/N,1353MHz,2698,0,36.5C/0.0C,3.50ms,1.03ms,0.28ms,13.90ms,2(DR0,0.37,0.21(W0.25),1.00,15.68/21.40,19.19,0,1.21,0,0,-2208907089.945,True,True,999999,0,Quest-2,BeatSaber,PopStars-Medium,False,False,2.2
5,4,1478,525,73,0ms,0,0,2,0/0/0/1,1,0,0,FF,0/70/0,N/F/N,1353MHz,2698,0,36.5C/0.0C,3.50ms,1.12ms,0.28ms,13.91ms,2(DR0,0.37,0.17(W0.20),1.00,15.47/21.58,19.21,0,1.21,0,0,-2208907088.945,True,True,999999,0,Quest-2,BeatSaber,PopStars-Medium,False,False,2.2
5,4,1478,525,73,0ms,0,0,1,0/0/0/1,1,0,0,FF,0/70/0,N/F/N,1353MHz,2698,0,36.5C/0.0C,3.39ms,1.05ms,0.27ms,13.89ms,2(DR0,0.36,0.34(W0.37),1.00,15.51/21.45,19.20,0,1.21,0,0,-2208907087.945,True,True,999999,0,Quest-2,BeatSaber,PopStars-Medium,False,False,2.2
5,4,1478,525,73,0ms,0,0,1,0/0/0/1,1,0,0,FF,0/70/0,N/F/N,1353MHz,2698,0,36.5C/0.0C,3.48ms,1.25ms,0.27ms,13.86ms,2(DR0,0.38,0.27(W0.36),1.00,15.87/21.30,19.29,0,1.21,0,0,-2208907086.945,True,True,999999,0,Quest-2,BeatSaber,PopStars-Medium,False,False,2.2
5,4,1478,525,73,0ms,0,0,1,0/0/0/0,1,0,0,FF,0/70/0,N/F/N,1555MHz,2698,0,36.5C/0.0C,3.41ms,1.16ms,0.27ms,13.92ms,2(DR0,0.36,0.21(W0.33),1.00,15.46/21.41,19.23,0,1.21,0,0,-2208907085.945,True,True,999999,0,Quest-2,BeatSaber,PopStars-Medium,False,False,2.2
5,4,1478,525,73,0ms,0,0,2,0/0/0/1,1,0,0,FF,0/70/0,N/F/N,1555MHz,2698,0,36.5C/0.0C,3.44ms,1.21ms,0.27ms,13.90ms,2(DR0,0.37,0.21(W0.27),1.00,15.54/21.27,19.15,0,1.21,0,0,-2208907084.945,True,True,999999,0,Quest-2,BeatSaber,PopStars-Medium,False,False,2.2
5,4,1478,525,73,0ms,0,0,1,0/0/0/1,1,0,0,FF,0/70/0,N/F/N,1353MHz,2698,0,36.5C/0.0C,3.46ms,1.12ms,0.28ms,13.86ms,2(DR0,0.36,0.21(W0.23),1.00,15.71/21.13,19.16,0,1.21,0,0,-2208907083.945,True,True,999999,0,Quest-2,BeatSaber,PopStars-Medium,False,False,2.2
5,4,1478,525,73,0ms,0,0,2,0/0/0/1,1,0,0,FF,0/70/0,N/F/N,1353MHz,2698,0,36.7C/0.0C,3.48ms,1.24ms,0.28ms,13.93ms,2(DR0,0.39,0.36(W0.46),1.00,15.55/21.27,19.17,0,1.21,0,0,-2208907082.945,True,True,999999,0,Quest-2,BeatSaber,PopStars-Medium,False,False,2.2
5,4,1478,525,73,0ms,0,0,1,0/0/0/1,1,0,0,FF,0/70/0,N/F/N,1353MHz,2698,0,36.7C/0.0C,3.35ms,1.09ms,0.27ms,13.86ms,2(DR0,0.36,0.23(W0.29),1.00,15.54/21.23,19.18,0,1.21,0,0,-2208907081.945,True,True,999999,0,Quest-2,BeatSaber,PopStars-Medium,False,False,2.2
5,4,1478,525,73,0ms,0,0,1,0/0/0/1,1,0,0,FF,0/70/0,N/F/N,1353MHz,2698,0,36.7C/0.0C,3.39ms,1.15ms,0.27ms,13.90ms,2(DR0,0.37,0.25(W0.27),1.00,16.02/21.25,19.34,0,1.21,0,0,-2208907080.945,True,True,999999,0,Quest-2,BeatSaber,PopStars-Medium,False,False,2.2
5,4,1478,525,73,0ms,0,0,0,0/0/0/0,1,0,0,FF,0/70/0,N/F/N,1353MHz,2698,0,36.7C/0.0C,3.41ms,1.18ms,0.28ms,13.87ms,2(DR0,0.37,0.30(W0.33),1.00,15.81/21.23,19.24,0,1.21,0,0,-2208907079.944,True,True,999999,0,Quest-2,BeatSaber,PopStars-Medium,False,False,2.2
5,4,1478,525,73,0ms,0,0,0,0/0/0/0,1,0,0,FF,0/70/0,N/F/N,1353MHz,2698,0,36.7C/0.0C,3.46ms,1.26ms,0.28ms,13.86ms,2(DR0,0.38,0.30(W0.32),1.00,15.84/21.16,19.18,0,1.21,0,0,-2208907078.944,True,True,999999,0,Quest-2,BeatSaber,PopStars-Medium,False,False,2.2
5,4,1478,525,73,0ms,0,0,0,0/0/0/0,1,0,0,FF,0/70/0,N/F/N,1353MHz,2713,0,36.7C/0.0C,3.43ms,1.26ms,0.28ms,13.90ms,2(DR0,0.38,0.33(W0.38),1.00,15.61/21.10,19.15,0,1.21,0,0,-2208907077.937,True,True,999999,0,Quest-2,BeatSaber,PopStars-Medium,False,False,2.2
5,4,1478,525,73,0ms,0,0,2,0/0/0/1,1,0,0,FF,0/70/0,N/F/N,1353MHz,2713,0,36.7C/0.0C,3.35ms,1.06ms,0.27ms,13.86ms,2(DR0,0.36,0.23(W0.35),1.00,15.54/21.10,19.08,0,1.21,0,0,-2208907076.944,True,True,999999,0,Quest-2,BeatSaber,PopStars-Medium,False,False,2.2
5,4,1478,525,73,0ms,0,0,0,0/0/0/0,1,0,0,FF,0/70/0,N/F/N,1555MHz,2713,0,36.7C/0.0C,3.40ms,1.10ms,0.28ms,13.86ms,2(DR0,0.37,0.21(W0.27),1.00,15.99/21.15,19.25,0,1.21,0,0,-2208907075.944,True,True,999999,0,Quest-2,BeatSaber,PopStars-Medium,False,False,2.2
5,4,1478,525,73,0ms,0,0,1,0/0/0/1,1,0,0,FF,0/70/0,N/F/N,1353MHz,2713,0,36.7C/0.0C,3.38ms,1.11ms,0.27ms,13.94ms,2(DR0,0.36,0.16(W0.20),1.00,15.59/21.61,19.27,0,1.21,0,0,-2208907074.944,True,True,999999,0,Quest-2,BeatSaber,PopStars-Medium,False,False,2.2
5,4,1478,525,72,0ms,0,0,3,1/0/0/2,1,0,0,FF,0/70/0,N/F/N,1353MHz,2713,0,36.7C/0.0C,3.47ms,1.20ms,0.27ms,13.93ms,2(DR0,0.38,0.21(W0.33),1.00,15.77/21.73,19.43,0,1.21,0,0,-2208907073.944,True,True,999999,0,Quest-2,BeatSaber,PopStars-Medium,False,False,2.2
5,4,1478,525,73,0ms,0,0,1,0/0/0/1,1,0,0,FF,0/70/0,N/F/N,1353MHz,2713,0,36.7C/0.0C,3.40ms,1.13ms,0.28ms,13.86ms,2(DR0,0.37,0.20(W0.25),1.00,15.61/21.42,19.18,0,1.21,0,0,-2208907072.944,True,True,999999,0,Quest-2,BeatSaber,PopStars-Medium,False,False,2.2
5,4,1478,525,73,0ms,0,0,2,0/0/0/1,1,0,0,FF,0/70/0,N/F/N,1353MHz,2713,0,36.7C/0.0C,3.40ms,1.27ms,0.27ms,13.89ms,2(DR0,0.37,0.26(W0.28),1.00,15.69/21.39,19.19,0,1.21,0,0,-2208907071.944,True,True,999999,0,Quest-2,BeatSaber,PopStars-Medium,False,False,2.2
5,4,1478,525,73,0ms,0,0,0,0/0/0/0,1,0,0,FF,0/70/0,N/F/N,1353MHz,2713,0,36.7C/0.0C,3.35ms,1.11ms,0.27ms,13.88ms,2(DR0,0.36,0.20(W0.26),1.00,15.86/21.42,19.13,0,1.21,0,0,-2208907070.944,True,True,999999,0,Quest-2,BeatSaber,PopStars-Medium,False,False,2.2
5,4,1478,525,73,0ms,0,0,2,0/0/0/1,1,0,0,FF,0/70/0,N/F/N,1353MHz,2713,0,36.7C/0.0C,3.44ms,1.10ms,0.27ms,13.88ms,2(DR0,0.37,0.17(W0.24),1.00,15.87/21.29,19.07,0,1.21,0,0,-2208907069.944,True,True,999999,0,Quest-2,BeatSaber,PopStars-Medium,False,False,2.2
5,4,1478,525,73,0ms,0,0,0,0/0/0/0,1,0,0,FF,0/70/0,N/F/N,1353MHz,2713,0,36.7C/0.0C,3.42ms,1.22ms,0.27ms,13.90ms,2(DR0,0.38,0.17(W0.19),1.00,15.66/21.29,19.08,0,1.21,0,0,-2208907068.944,True,True,999999,0,Quest-2,BeatSaber,PopStars-Medium,False,False,2.2
5,4,1478,525,73,0ms,0,0,2,0/0/0/1,1,0,0,FF,0/70/0,N/F/N,1353MHz,2713,0,36.7C/0.0C,3.46ms,1.21ms,0.27ms,13.86ms,2(DR0,0.37,0.33(W0.36),1.00,15.47/21.45,19.32,0,1.21,0,0,-2208907067.944,True,True,999999,0,Quest-2,BeatSaber,PopStars-Medium,False,False,2.2
5,4,1478,525,73,0ms,0,0,3,0/0/0/1,1,0,0,FF,0/70/0,N/F/N,1353MHz,2713,0,36.7C/0.0C,3.39ms,1.07ms,0.27ms,13.94ms,2(DR0,0.36,0.24(W0.32),1.00,15.62/21.43,19.17,0,1.21,0,0,-2208907066.943,True,True,999999,0,Quest-2,BeatSaber,PopStars-Medium,False,False,2.2
5,4,1478,525,73,0ms,0,0,2,0/0/0/1,1,0,0,FF,0/70/0,N/F/N,1353MHz,2713,0,36.7C/0.0C,3.35ms,1.04ms,0.28ms,13.94ms,2(DR0,0.36,0.21(W0.27),1.00,15.81/21.27,19.20,0,1.21,0,0,-2208907065.943,True,True,999999,0,Quest-2,BeatSaber,PopStars-Medium,False,False,2.2
5,4,1478,525,73,0ms,0,0,4,0/0/0/1,1,0,0,FF,0/70/0,N/F/N,1353MHz,2713,0,36.7C/0.0C,3.35ms,0.96ms,0.29ms,13.92ms,2(DR0,0.36,0.11(W0.17),1.00,15.88/21.11,19.16,0,1.21,0,0,-2208907064.943,True,True,999999,0,Quest-2,BeatSaber,PopStars-Medium,False,False,2.2
5,4,1478,525,73,0ms,0,0,0,0/0/0/0,1,0,0,FF,0/70/0,N/F/N,1353MHz,2713,0,36.7C/0.0C,3.35ms,1.07ms,0.27ms,13.86ms,2(DR0,0.36,0.08(W0.15),1.00,15.31/21.67,19.34,0,1.21,0,0,-2208907063.943,True,True,999999,0,Quest-2,BeatSaber,PopStars-Medium,False,False,2.2
5,4,1478,525,73,0ms,0,0,3,1/0/0/2,1,0,0,FF,0/70/0,N/F/N,1353MHz,2713,0,36.7C/0.0C,3.32ms,1.04ms,0.27ms,13.97ms,2(DR0,0.36,0.33(W0.37),1.00,15.75/21.39,19.33,0,1.21,0,0,-2208907062.943,True,True,999999,0,Quest-2,BeatSaber,PopStars-Medium,False,False,2.2
5,4,1478,525,73,0ms,0,0,4,1/0/0/4,1,0,0,FF,0/70/0,N/F/N,1353MHz,2713,0,36.7C/0.0C,3.32ms,0.96ms,0.27ms,13.96ms,2(DR0,0.35,0.28(W0.32),1.00,15.53/21.76,19.47,0,1.21,0,0,-2208907061.943,True,True,999999,0,Quest-2,BeatSaber,PopStars-Medium,False,False,2.2
5,4,1478,525,73,0ms,0,0,6,1/0/0/3,1,0,0,FF,0/70/0,N/F/N,1353MHz,2713,0,36.7C/0.0C,3.38ms,1.17ms,0.27ms,13.95ms,2(DR0,0.36,0.24(W0.29),1.00,15.81/21.59,19.33,0,1.21,0,0,-2208907060.943,True,True,999999,0,Quest-2,BeatSaber,PopStars-Medium,False,False,2.2
5,4,1478,525,73,0ms,0,0,3,0/0/0/1,1,0,0,FF,0/70/0,N/F/N,1353MHz,2713,0,36.7C/0.0C,3.50ms,1.16ms,0.27ms,13.95ms,2(DR0,0.37,0.12(W0.24),1.00,15.51/21.78,19.41,0,1.21,0,0,-2208907059.943,True,True,999999,0,Quest-2,BeatSaber,PopStars-Medium,False,False,2.2
5,4,1478,525,73,0ms,0,0,4,0/0/0/1,1,0,0,FF,0/70/0,N/F/N,1353MHz,2713,0,36.7C/0.0C,3.43ms,1.17ms,0.27ms,13.94ms,2(DR0,0.37,0.19(W0.27),1.00,15.79/21.58,19.26,0,1.21,0,0,-2208907058.943,True,True,999999,0,Quest-2,BeatSaber,PopStars-Medium,False,False,2.2
5,4,1478,525,73,0ms,0,0,1,0/0/0/1,1,0,0,FF,0/70/0,N/F/N,1555MHz,2726,0,36.7C/0.0C,3.46ms,1.15ms,0.27ms,13.95ms,2(DR0,0.37,0.32(W0.41),1.00,15.71/21.58,19.36,0,1.21,0,0,-2208907057.936,True,True,999999,0,Quest-2,BeatSaber,PopStars-Medium,False,False,2.2
5,4,1478,525,73,0ms,0,0,2,0/0/0/1,1,0,0,FF,0/70/0,N/F/N,1555MHz,2726,0,36.7C/0.0C,3.43ms,1.09ms,0.28ms,13.88ms,2(DR0,0.37,0.27(W0.30),1.00,15.58/21.36,19.22,0,1.21,0,0,-2208907056.943,True,True,999999,0,Quest-2,BeatSaber,PopStars-Medium,False,False,2.2
5,4,1478,525,73,0ms,0,0,0,0/0/0/1,1,0,0,FF,0/70/0,N/F/N,1555MHz,2726,0,36.7C/0.0C,3.41ms,1.21ms,0.27ms,13.91ms,2(DR0,0.38,0.24(W0.27),1.00,15.96/21.55,19.40,0,1.21,0,0,-2208907055.943,True,True,999999,0,Quest-2,BeatSaber,PopStars-Medium,False,False,2.2
5,4,1478,525,73,0ms,0,0,1,0/0/0/1,1,0,0,FF,0/70/0,N/F/N,1555MHz,2726,0,36.7C/0.0C,3.41ms,1.05ms,0.27ms,13.86ms,2(DR0,0.37,0.22(W0.24),1.00,15.74/21.42,19.26,0,1.21,0,0,-2208907054.943,True,True,999999,0,Quest-2,BeatSaber,PopStars-Medium,False,False,2.2
5,4,1478,525,73,0ms,0,0,0,0/0/0/0,1,0,0,FF,0/70/0,N/F/N,1555MHz,2726,0,36.7C/0.0C,3.48ms,1.15ms,0.28ms,13.87ms,2(DR0,0.37,0.20(W0.21),1.00,15.58/21.35,19.17,0,1.21,0,0,-2208907053.943,True,True,999999,0,Quest-2,BeatSaber,PopStars-Medium,False,False,2.2
5,4,1478,525,73,0ms,0,0,2,0/0/0/1,1,0,0,FF,0/70/0,N/F/N,1555MHz,2726,0,36.7C/0.0C,3.39ms,1.12ms,0.27ms,13.87ms,2(DR0,0.37,0.34(W0.36),1.00,15.42/21.80,19.33,0,1.21,0,0,-2208907052.943,True,True,999999,0,Quest-2,BeatSaber,PopStars-Medium,False,False,2.2
5,4,1478,525,73,0ms,0,0,0,0/0/0/0,1,0,0,FF,0/70/0,N/F/N,1555MHz,2726,0,36.7C/0.0C,3.38ms,1.19ms,0.27ms,13.88ms,2(DR0,0.37,0.30(W0.33),1.00,15.52/21.50,19.20,0,1.21,0,0,-2208907051.942,True,True,999999,0,Quest-2,BeatSaber,PopStars-Medium,False,False,2.2
5,4,1478,525,73,0ms,0,0,1,0/0/0/1,1,0,0,FF,0/70/0,N/F/N,1555MHz,2726,0,36.7C/0.0C,3.40ms,1.20ms,0.28ms,13.87ms,2(DR0,0.37,0.31(W0.44),1.00,15.66/21.21,19.28,0,1.21,0,0,-2208907050.942,True,True,999999,0,Quest-2,BeatSaber,PopStars-Medium,False,False,2.2
5,4,1478,525,73,0ms,0,0,1,0/0/0/1,1,0,0,FF,0/70/0,N/F/N,1555MHz,2726,0,36.7C/0.0C,3.42ms,1.20ms,0.28ms,13.86ms,2(DR0,0.37,0.26(W0.29),1.00,15.78/21.30,19.20,0,1.21,0,0,-2208907049.942,True,True,999999,0,Quest-2,BeatSaber,PopStars-Medium,False,False,2.2
5,4,1478,525,73,0ms,0,0,0,0/0/0/0,1,0,0,FF,0/70/0,N/F/N,1353MHz,2726,0,36.7C/0.0C,3.39ms,1.20ms,0.27ms,13.87ms,2(DR0,0.37,0.21(W0.24),1.00,15.61/21.23,19.07,0,1.21,0,0,-2208907048.942,True,True,999999,0,Quest-2,BeatSaber,PopStars-Medium,False,False,2.2
5,4,1478,525,73,0ms,0,0,3,0/0/0/1,1,0,0,FF,0/70/0,N/F/N,1353MHz,2726,0,36.7C/0.0C,3.42ms,1.20ms,0.27ms,13.89ms,2(DR0,0.37,0.27(W0.30),1.00,15.63/21.10,19.25,0,1.21,0,0,-2208907047.942,True,True,999999,0,Quest-2,BeatSaber,PopStars-Medium,False,False,2.2
5,4,1478,525,73,0ms,0,0,3,0/0/0/1,1,0,0,FF,0/70/0,N/F/N,1353MHz,2726,0,36.7C/0.0C,3.45ms,1.24ms,0.27ms,13.90ms,2(DR0,0.37,0.30(W0.38),1.00,15.82/21.58,19.34,0,1.21,0,0,-2208907046.942,True,True,999999,0,Quest-2,BeatSaber,PopStars-Medium,False,False,2.2
5,4,1478,525,73,0ms,0,0,0,0/0/0/0,1,0,0,FF,0/70/0,N/F/N,1353MHz,2726,0,36.7C/0.0C,3.45ms,1.24ms,0.27ms,13.93ms,2(DR0,0.38,0.27(W0.39),1.00,15.50/21.50,19.19,0,1.21,0,0,-2208907045.942,True,True,999999,0,Quest-2,BeatSaber,PopStars-Medium,False,False,2.2
5,4,1478,525,73,0ms,0,0,0,0/0/0/0,1,0,0,FF,0/70/0,N/F/N,1353MHz,2726,0,36.7C/0.0C,3.42ms,1.26ms,0.27ms,13.86ms,2(DR0,0.37,0.20(W0.21),1.00,15.67/21.50,19.20,0,1.21,0,0,-2208907044.942,True,True,999999,0,Quest-2,BeatSaber,PopStars-Medium,False,False,2.2
5,4,1478,525,73,0ms,0,0,1,0/0/0/1,1,0,0,FF,0/70/0,N/F/N,1353MHz,2726,0,36.7C/0.0C,3.43ms,1.17ms,0.28ms,13.88ms,2(DR0,0.37,0.22(W0.33),1.00,15.80/21.11,19.22,0,1.21,0,0,-2208907043.942,True,True,999999,0,Quest-2,BeatSaber,PopStars-Medium,False,False,2.2
5,4,1478,525,73,0ms,0,0,1,0/0/0/1,1,0,0,FF,0/70/0,N/F/N,1353MHz,2726,0,36.7C/0.0C,3.41ms,1.19ms,0.28ms,13.86ms,2(DR0,0.38,0.25(W0.35),1.00,15.80/21.11,19.22,0,1.21,0,0,-2208907042.942,True,True,999999,0,Quest-2,BeatSaber,PopStars-Medium,False,False,2.2
5,4,1478,525,73,0ms,0,0,0,0/0/0/0,1,0,0,FF,0/70/0,N/F/N,1353MHz,2726,0,36.7C/0.0C,3.38ms,1.16ms,0.27ms,13.86ms,2(DR0,0.36,0.24(W0.29),1.00,15.88/21.30,19.12,0,1.21,0,0,-2208907041.942,True,True,999999,0,Quest-2,BeatSaber,PopStars-Medium,False,False,2.2
5,4,1478,525,73,0ms,0,0,1,0/0/0/1,1,0,0,FF,0/70/0,N/F/N,1353MHz,2726,0,36.7C/0.0C,3.41ms,1.21ms,0.27ms,13.92ms,2(DR0,0.37,0.32(W0.35),1.00,15.90/21.44,19.24,0,1.21,0,0,-2208907040.942,True,True,999999,0,Quest-2,BeatSaber,PopStars-Medium,False,False,2.2
5,4,1478,525,73,0ms,0,0,2,0/0/0/1,1,0,0,FF,0/70/0,N/F/N,1353MHz,2726,0,36.7C/0.0C,3.46ms,1.22ms,0.27ms,13.88ms,2(DR0,0.38,0.19(W0.25),1.00,15.60/21.55,19.39,0,1.21,0,0,-2208907039.942,True,True,999999,0,Quest-2,BeatSaber,PopStars-Medium,False,False,2.2
5,4,1478,525,73,0ms,0,0,0,0/0/0/0,1,0,0,FF,0/70/0,N/F/N,1353MHz,2726,0,36.7C/0.0C,3.47ms,1.26ms,0.28ms,13.88ms,2(DR0,0.38,0.21(W0.30),1.00,15.51/21.41,19.21,0,1.21,0,0,-2208907038.941,True,True,999999,0,Quest-2,BeatSaber,PopStars-Medium,False,False,2.2
5,4,1478,525,73,0ms,0,0,2,0/0/0/1,1,0,0,FF,0/70/0,N/F/N,1353MHz,2727,0,36.7C/0.0C,3.39ms,1.11ms,0.28ms,13.88ms,2(DR0,0.37,0.31(W0.36),1.00,15.57/21.45,19.16,0,1.21,0,0,-2208907037.934,True,True,999999,0,Quest-2,BeatSaber,PopStars-Medium,False,False,2.2
5,4,1478,525,73,0ms,0,0,1,0/0/0/1,1,0,0,FF,0/70/0,N/F/N,1353MHz,2727,0,36.7C/0.0C,3.49ms,1.25ms,0.28ms,13.89ms,2(DR0,0.37,0.31(W0.38),1.00,15.77/21.27,19.23,0,1.21,0,0,-2208907036.941,True,True,999999,0,Quest-2,BeatSaber,PopStars-Medium,False,False,2.2
5,4,1574,525,73,0ms,0,0,1,0/0/0/1,1,0,0,FF,0/70/0,N/F/N,1353MHz,2727,0,36.7C/0.0C,3.42ms,1.22ms,0.28ms,13.86ms,2(DR0,0.38,0.28(W0.32),1.00,15.55/21.14,19.06,0,1.21,0,0,-2208907035.941,True,True,999999,0,Quest-2,BeatSaber,PopStars-Medium,False,False,2.2
5,4,1478,525,73,0ms,0,0,1,0/0/0/1,1,0,0,FF,0/70/0,N/F/N,1353MHz,2727,0,36.7C/0.0C,3.33ms,1.16ms,0.26ms,13.89ms,2(DR0,0.37,0.18(W0.29),1.00,15.47/21.26,19.03,0,1.21,0,0,-2208907034.941,True,True,999999,0,Quest-2,BeatSaber,PopStars-Medium,False,False,2.2
5,4,1478,525,73,0ms,0,0,0,0/0/0/0,1,0,0,FF,0/70/0,N/F/N,1353MHz,2727,0,36.7C/0.0C,3.39ms,1.16ms,0.27ms,13.90ms,2(DR0,0.37,0.17(W0.20),1.00,15.78/21.23,19.18,0,1.21,0,0,-2208907033.941,True,True,999999,0,Quest-2,BeatSaber,PopStars-Medium,False,False,2.2
5,4,1574,525,73,0ms,0,0,1,0/0/0/1,1,0,0,FF,0/70/0,N/F/N,1353MHz,2727,0,36.7C/0.0C,3.37ms,1.12ms,0.27ms,13.89ms,2(DR0,0.37,0.34(W0.40),1.00,16.00/21.47,19.41,0,1.21,0,0,-2208907032.941,True,True,999999,0,Quest-2,BeatSaber,PopStars-Medium,False,False,2.2
5,4,1478,525,73,0ms,0,0,1,0/0/0/1,1,0,0,FF,0/70/0,N/F/N,1353MHz,2727,0,36.7C/0.0C,3.42ms,1.12ms,0.27ms,13.86ms,2(DR0,0.36,0.26(W0.30),1.00,16.00/21.39,19.42,0,1.21,0,0,-2208907031.941,True,True,999999,0,Quest-2,BeatSaber,PopStars-Medium,False,False,2.2
5,4,1478,525,73,0ms,0,0,0,0/0/0/0,1,0,0,FF,0/70/0,N/F/N,1353MHz,2727,0,36.7C/0.0C,3.54ms,1.14ms,0.28ms,13.86ms,2(DR0,0.38,0.35(W0.41),1.00,15.78/21.46,19.22,0,1.21,0,0,-2208907030.941,True,True,999999,0,Quest-2,BeatSaber,PopStars-Medium,False,False,2.2
5,4,1478,525,73,0ms,0,0,4,1/0/0/2,1,0,0,FF,0/70/0,N/F/N,1353MHz,2727,0,37.0C/0.0C,3.41ms,1.01ms,0.28ms,14.09ms,2(DR0,0.36,0.19(W0.24),1.00,15.49/21.14,19.07,0,1.21,0,0,-2208907029.941,True,True,999999,0,Quest-2,BeatSaber,PopStars-Medium,False,False,2.2
5,4,1478,525,73,0ms,0,0,8,0/1/0/8,1,0,0,FF,0/70/0,N/F/N,1353MHz,2727,0,37.0C/0.0C,3.33ms,0.89ms,0.28ms,13.12ms,2(DR0,0.35,0.12(W0.15),1.00,15.65/21.52,19.47,0,1.21,0,0,-2208907028.941,True,True,999999,0,Quest-2,BeatSaber,PopStars-Medium,False,False,2.2
5,4,1478,525,73,0ms,0,0,1,0/0/0/1,1,0,0,FF,0/70/0,N/F/N,1353MHz,2727,0,37.0C/0.0C,3.34ms,0.98ms,0.26ms,13.29ms,2(DR0,0.35,0.35(W0.52),1.00,15.87/21.62,19.56,0,1.21,0,0,-2208907027.941,True,True,999999,0,Quest-2,BeatSaber,PopStars-Medium,False,False,2.2
5,4,1478,525,73,0ms,0,0,1,0/0/0/1,1,0,0,FF,0/70/0,N/F/N,1353MHz,2727,0,37.0C/0.0C,3.41ms,1.07ms,0.27ms,13.87ms,2(DR0,0.37,0.25(W0.28),1.00,15.51/21.53,19.33,0,1.21,0,0,-2208907026.941,True,True,999999,0,Quest-2,BeatSaber,PopStars-Medium,False,False,2.2
5,4,1478,525,73,0ms,0,0,1,0/0/0/1,1,0,0,FF,0/70/0,N/F/N,1353MHz,2727,0,37.0C/0.0C,3.45ms,1.11ms,0.28ms,13.88ms,2(DR0,0.38,0.19(W0.24),1.00,15.57/21.35,19.28,0,1.21,0,0,-2208907025.941,True,True,999999,0,Quest-2,BeatSaber,PopStars-Medium,False,False,2.2
5,4,1478,525,73,0ms,0,0,0,0/0/0/0,1,0,0,FF,0/70/0,N/F/N,1353MHz,2727,0,37.0C/0.0C,3.45ms,1.22ms,0.27ms,13.86ms,2(DR0,0.38,0.26(W0.27),1.00,15.60/21.39,19.20,0,1.21,0,0,-2208907024.941,True,True,999999,0,Quest-2,BeatSaber,PopStars-Medium,False,False,2.2
5,4,1478,525,73,0ms,0,0,0,0/0/0/0,1,0,0,FF,0/70/0,N/F/N,1353MHz,2727,0,37.0C/0.0C,3.44ms,1.16ms,0.27ms,13.86ms,2(DR0,0.37,0.13(W0.19),1.00,15.48/21.17,19.07,0,1.21,0,0,-2208907023.94,True,True,999999,0,Quest-2,BeatSaber,PopStars-Medium,False,False,2.2
5,4,1478,525,73,0ms,0,0,1,0/0/0/1,1,0,0,FF,0/70/0,N/F/N,1353MHz,2727,0,37.0C/0.0C,3.34ms,1.03ms,0.27ms,13.87ms,2(DR0,0.36,0.34(W0.41),1.00,15.46/21.15,19.12,0,1.21,0,0,-2208907022.94,True,True,999999,0,Quest-2,BeatSaber,PopStars-Medium,False,False,2.2
5,4,1478,525,73,0ms,0,0,0,0/0/0/0,1,0,0,FF,0/70/0,N/F/N,1353MHz,2727,0,37.0C/0.0C,3.34ms,1.03ms,0.27ms,13.86ms,2(DR0,0.36,0.19(W0.25),1.00,15.54/21.21,19.12,0,1.21,0,0,-2208907021.94,True,True,999999,0,Quest-2,BeatSaber,PopStars-Medium,False,False,2.2
5,4,1478,525,73,0ms,0,0,1,0/0/0/1,1,0,0,FF,0/70/0,N/F/N,1353MHz,2727,0,37.0C/0.0C,3.47ms,1.23ms,0.27ms,13.95ms,2(DR0,0.37,0.23(W0.27),1.00,15.85/21.46,19.23,0,1.21,0,0,-2208907020.94,True,True,999999,0,Quest-2,BeatSaber,PopStars-Medium,False,False,2.2
5,4,1478,525,73,0ms,0,0,3,0/0/0/1,1,0,0,FF,0/70/0,N/F/N,1353MHz,2727,0,37.0C/0.0C,3.48ms,1.23ms,0.27ms,13.90ms,2(DR0,0.38,0.07(W0.11),1.00,15.61/21.33,19.15,0,1.21,0,0,-2208907019.94,True,True,999999,0,Quest-2,BeatSaber,PopStars-Medium,False,False,2.2
5,4,1478,525,73,0ms,0,0,1,0/0/0/1,1,0,0,FF,0/70/0,N/F/N,1353MHz,2727,0,37.0C/0.0C,3.39ms,1.10ms,0.27ms,13.85ms,2(DR0,0.37,0.24(W0.35),1.00,15.53/21.28,19.19,0,1.21,0,0,-2208907018.94,True,True,999999,0,Quest-2,BeatSaber,PopStars-Medium,False,False,2.2
5,4,1478,525,73,0ms,0,0,1,0/0/0/1,1,0,0,FF,0/70/0,N/F/N,1555MHz,2731,0,37.0C/0.0C,3.41ms,1.24ms,0.27ms,13.90ms,2(DR0,0.37,0.30(W0.33),1.00,15.63/21.08,19.20,0,1.21,0,0,-2208907017.933,True,True,999999,0,Quest-2,BeatSaber,PopStars-Medium,False,False,2.2
5,4,1478,525,73,0ms,0,0,1,0/0/0/1,1,0,0,FF,0/70/0,N/F/N,1353MHz,2731,0,37.0C/0.0C,3.39ms,1.22ms,0.27ms,13.89ms,2(DR0,0.37,0.22(W0.33),1.00,15.63/21.75,19.42,0,1.21,0,0,-2208907016.94,True,True,999999,0,Quest-2,BeatSaber,PopStars-Medium,False,False,2.2
5,4,1478,525,73,0ms,0,0,1,0/0/0/1,1,0,0,FF,0/70/0,N/F/N,1353MHz,2731,0,37.0C/0.0C,3.37ms,1.14ms,0.27ms,13.86ms,2(DR0,0.38,0.16(W0.19),1.00,15.72/21.47,19.26,0,1.21,0,0,-2208907015.94,True,True,999999,0,Quest-2,BeatSaber,PopStars-Medium,False,False,2.2
5,4,1478,525,73,0ms,0,0,0,0/0/0/0,1,0,0,FF,0/70/0,N/F/N,1353MHz,2731,0,37.0C/0.0C,3.43ms,1.17ms,0.28ms,13.88ms,2(DR0,0.37,0.21(W0.21),1.00,15.60/21.41,19.25,0,1.21,0,0,-2208907014.94,True,True,999999,0,Quest-2,BeatSaber,PopStars-Medium,False,False,2.2
5,4,1478,525,73,0ms,0,0,3,0/0/0/1,1,0,0,FF,0/70/0,N/F/N,1353MHz,2731,0,37.0C/0.0C,3.37ms,1.03ms,0.28ms,13.83ms,2(DR0,0.36,0.16(W0.23),1.00,15.81/21.37,19.14,0,1.21,0,0,-2208907013.94,True,True,999999,0,Quest-2,BeatSaber,PopStars-Medium,False,False,2.2
5,4,1478,525,73,0ms,0,0,3,0/0/0/1,1,0,0,FF,0/70/0,N/F/N,1353MHz,2731,0,37.0C/0.0C,3.44ms,1.15ms,0.27ms,13.86ms,2(DR0,0.37,0.22(W0.28),1.00,15.84/21.35,19.22,0,1.21,0,0,-2208907012.94,True,True,999999,0,Quest-2,BeatSaber,PopStars-Medium,False,False,2.2
5,4,1478,525,73,0ms,0,0,0,0/0/0/0,1,0,0,FF,0/70/0,N/F/N,1353MHz,2731,0,37.0C/0.0C,3.47ms,1.25ms,0.27ms,13.86ms,2(DR0,0.37,0.31(W0.39),1.00,15.75/21.27,19.18,0,1.21,0,0,-2208907011.94,True,True,999999,0,Quest-2,BeatSaber,PopStars-Medium,False,False,2.2
5,4,1478,525,73,0ms,0,0,1,0/0/0/1,1,0,0,FF,0/70/0,N/F/N,1353MHz,2731,0,37.0C/0.0C,3.38ms,1.11ms,0.27ms,13.90ms,2(DR0,0.36,0.24(W0.30),1.00,15.56/21.39,19.18,0,1.21,0,0,-2208907010.94,True,True,999999,0,Quest-2,BeatSaber,PopStars-Medium,False,False,2.2
5,4,1478,525,73,0ms,0,0,2,0/0/0/1,1,0,0,FF,0/70/0,N/F/N,1353MHz,2731,0,37.0C/0.0C,3.43ms,1.23ms,0.27ms,13.89ms,2(DR0,0.37,0.18(W0.22),1.00,15.48/21.54,19.13,0,1.21,0,0,-2208907009.939,True,True,999999,0,Quest-2,BeatSaber,PopStars-Medium,False,False,2.2
5,4,1478,525,73,0ms,0,0,0,0/0/0/0,1,0,0,FF,0/70/0,N/F/N,1353MHz,2731,0,37.0C/0.0C,3.47ms,1.17ms,0.28ms,13.86ms,2(DR0,0.37,0.22(W0.27),1.00,15.42/21.40,19.10,0,1.21,0,0,-2208907008.939,True,True,999999,0,Quest-2,BeatSaber,PopStars-Medium,False,False,2.2
5,4,1478,525,73,0ms,0,0,1,0/0/0/1,1,0,0,FF,0/70/0,N/F/N,1353MHz,2731,0,37.0C/0.0C,3.48ms,1.17ms,0.28ms,13.88ms,2(DR0,0.38,0.35(W0.38),1.00,15.40/21.24,19.16,0,1.21,0,0,-2208907007.939,True,True,999999,0,Quest-2,BeatSaber,PopStars-Medium,False,False,2.2
5,4,1478,525,73,0ms,0,0,1,0/0/0/1,1,0,0,FF,0/70/0,N/F/N,1353MHz,2731,0,37.0C/0.0C,3.37ms,1.17ms,0.27ms,13.94ms,2(DR0,0.36,0.19(W0.21),1.00,15.72/21.16,19.11,0,1.21,0,0,-2208907006.939,True,True,999999,0,Quest-2,BeatSaber,PopStars-Medium,False,False,2.2
5,4,1478,525,72,0ms,0,0,3,0/0/0/1,1,0,0,FF,0/70/0,N/F/N,1353MHz,2731,0,37.0C/0.0C,3.37ms,1.06ms,0.29ms,14.01ms,2(DR0,0.36,0.31(W0.33),1.00,15.76/21.07,19.16,0,1.21,0,0,-2208907005.939,True,True,999999,0,Quest-2,BeatSaber,PopStars-Medium,False,False,2.2
5,4,1478,525,74,0ms,0,0,6,0/1/0/6,1,0,0,FF,0/70/0,N/F/N,1353MHz,2731,0,37.0C/0.0C,3.31ms,0.95ms,0.26ms,13.12ms,2(DR0,0.34,0.25(W0.26),1.00,15.57/21.40,19.25,0,1.21,0,0,-2208907004.939,True,True,999999,0,Quest-2,BeatSaber,PopStars-Medium,False,False,2.2
5,4,1478,525,73,0ms,0,0,0,0/0/0/0,1,0,0,FF,0/70/0,N/F/N,1353MHz,2731,0,37.0C/0.0C,3.18ms,0.90ms,0.27ms,13.13ms,2(DR0,0.34,0.30(W0.35),1.00,15.65/21.32,19.36,0,1.21,0,0,-2208907003.939,True,True,999999,0,Quest-2,BeatSaber,PopStars-Medium,False,False,2.2
5,4,1478,525,73,0ms,0,0,3,1/0/0/2,1,0,0,FF,0/70/0,N/F/N,1353MHz,2731,0,37.0C/0.0C,3.38ms,1.07ms,0.27ms,13.16ms,2(DR0,0.36,0.33(W0.40),1.00,15.76/21.42,19.24,0,1.21,0,0,-2208907002.939,True,True,999999,0,Quest-2,BeatSaber,PopStars-Medium,False,False,2.2
5,4,1478,525,73,0ms,0,0,0,0/0/0/0,1,0,0,FF,0/70/0,N/F/N,1353MHz,2731,0,37.0C/0.0C,3.41ms,1.03ms,0.27ms,13.13ms,2(DR0,0.37,0.18(W0.26),1.00,15.44/21.37,19.16,0,1.21,0,0,-2208907001.939,True,True,999999,0,Quest-2,BeatSaber,PopStars-Medium,False,False,2.2
5,4,1478,525,73,0ms,0,0,1,0/0/0/1,1,0,0,FF,0/70/0,N/F/N,1353MHz,2731,0,37.0C/0.0C,3.36ms,1.08ms,0.27ms,13.91ms,2(DR0,0.36,0.24(W0.25),1.00,15.49/21.47,19.27,0,1.21,0,0,-2208907000.939,True,True,999999,0,Quest-2,BeatSaber,PopStars-Medium,False,False,2.2
5,4,1478,525,73,0ms,0,0,3,0/0/0/1,1,0,0,FF,0/70/0,N/F/N,1353MHz,2731,0,37.0C/0.0C,3.34ms,1.00ms,0.26ms,13.89ms,2(DR0,0.35,0.11(W0.16),1.00,15.48/21.60,19.28,0,1.21,0,0,-2208906999.939,True,True,999999,0,Quest-2,BeatSaber,PopStars-Medium,False,False,2.2
5,4,1478,525,73,0ms,0,0,3,0/0/0/1,1,0,0,FF,0/70/0,N/F/N,1353MHz,2731,0,37.0C/0.0C,3.41ms,1.10ms,0.27ms,13.89ms,2(DR0,0.36,0.26(W0.32),1.00,15.67/21.83,19.39,0,1.21,0,0,-2208906998.939,True,True,999999,0,Quest-2,BeatSaber,PopStars-Medium,False,False,2.2
5,4,1478,525,73,0ms,0,0,2,0/0/0/1,1,0,0,FF,0/70/0,N/F/N,1555MHz,2742,0,37.0C/0.0C,3.41ms,1.02ms,0.27ms,13.97ms,2(DR0,0.36,0.32(W0.33),1.00,15.69/21.69,19.29,0,1.21,0,0,-2208906997.932,True,True,999999,0,Quest-2,BeatSaber,PopStars-Medium,False,False,2.2
5,4,1478,525,73,0ms,0,0,3,0/0/0/1,1,0,0,FF,0/70/0,N/F/N,1555MHz,2742,0,37.0C/0.0C,3.25ms,0.91ms,0.28ms,13.86ms,2(DR0,0.34,0.25(W0.32),1.00,15.75/21.37,19.28,0,1.21,0,0,-2208906996.939,True,True,999999,0,Quest-2,BeatSaber,PopStars-Medium,False,False,2.2
5,4,1478,525,73,0ms,0,0,1,0/0/0/0,1,0,0,FF,0/70/0,N/F/N,1555MHz,2742,0,37.0C/0.0C,3.20ms,0.87ms,0.27ms,13.90ms,2(DR0,0.34,0.17(W0.20),1.00,15.84/21.34,19.25,0,1.21,0,0,-2208906995.938,True,True,999999,0,Quest-2,BeatSaber,PopStars-Medium,False,False,2.2
5,4,1478,525,73,0ms,0,0,1,0/0/0/1,1,0,0,FF,0/70/0,N/F/N,1353MHz,2742,0,37.0C/0.0C,3.20ms,0.97ms,0.26ms,13.91ms,2(DR0,0.33,0.14(W0.25),1.00,15.53/21.16,19.04,0,1.21,0,0,-2208906994.938,True,True,999999,0,Quest-2,BeatSaber,PopStars-Medium,False,False,2.2
5,4,1478,525,73,0ms,0,0,2,0/0/0/1,1,0,0,FF,0/70/0,N/F/N,1353MHz,2742,0,37.0C/0.0C,3.28ms,0.85ms,0.32ms,13.74ms,2(DR0,0.34,0.12(W0.24),1.00,15.59/21.35,19.25,0,1.21,0,0,-2208906993.938,True,True,999999,0,Quest-2,BeatSaber,PopStars-Medium,False,False,2.2
5,4,1478,525,73,0ms,0,0,4,1/0/0/3,1,0,0,FF,0/70/0,N/F/N,1353MHz,2742,0,37.0C/0.0C,3.34ms,1.03ms,0.27ms,13.41ms,2(DR0,0.35,0.12(W0.16),1.00,15.69/21.46,19.23,0,1.21,0,0,-2208906992.938,True,True,999999,0,Quest-2,BeatSaber,PopStars-Medium,False,False,2.2
5,4,1478,525,73,0ms,0,0,2,0/0/0/1,1,0,0,FF,0/70/0,N/F/N,1353MHz,2742,0,37.0C/0.0C,3.40ms,1.17ms,0.27ms,13.91ms,2(DR0,0.37,0.19(W0.25),1.00,15.76/21.58,19.34,0,1.21,0,0,-2208906991.938,True,True,999999,0,Quest-2,BeatSaber,PopStars-Medium,False,False,2.2
5,4,1478,525,73,0ms,0,0,1,0/0/0/1,1,0,0,FF,0/70/0,N/F/N,1353MHz,2742,0,37.0C/0.0C,3.46ms,1.16ms,0.27ms,13.86ms,2(DR0,0.37,0.25(W0.32),1.00,15.82/21.45,19.33,0,1.21,0,0,-2208906990.938,True,True,999999,0,Quest-2,BeatSaber,PopStars-Medium,False,False,2.2
5,4,1478,525,73,0ms,0,0,2,0/0/0/1,1,0,0,FF,0/70/0,N/F/N,1353MHz,2742,0,37.0C/0.0C,3.43ms,1.04ms,0.27ms,13.97ms,2(DR0,0.37,0.26(W0.35),1.00,15.63/21.26,19.23,0,1.21,0,0,-2208906989.938,True,True,999999,0,Quest-2,BeatSaber,PopStars-Medium,False,False,2.2
5,4,1478,525,73,0ms,0,0,3,1/0/0/2,1,0,0,FF,0/70/0,N/F/N,1353MHz,2742,0,37.0C/0.0C,3.48ms,1.16ms,0.27ms,13.88ms,2(DR0,0.37,0.20(W0.27),1.00,15.52/21.72,19.34,0,1.21,0,0,-2208906988.938,True,True,999999,0,Quest-2,BeatSaber,PopStars-Medium,False,False,2.2
5,4,1478,525,73,0ms,0,0,0,0/0/0/0,1,0,0,FF,0/70/0,N/F/N,1353MHz,2742,0,37.0C/0.0C,3.46ms,1.16ms,0.27ms,13.86ms,2(DR0,0.37,0.34(W0.38),1.00,15.53/21.54,19.23,0,1.21,0,0,-2208906987.938,True,True,999999,0,Quest-2,BeatSaber,PopStars-Medium,False,False,2.2
5,4,1478,525,72,0ms,0,0,0,0/0/0/0,1,0,0,FF,0/70/0,N/F/N,1353MHz,2742,0,37.0C/0.0C,3.47ms,1.06ms,0.27ms,13.86ms,2(DR0,0.38,0.25(W0.38),1.00,15.80/21.35,19.19,0,1.21,0,0,-2208906986.938,True,True,999999,0,Quest-2,BeatSaber,PopStars-Medium,False,False,2.2
5,4,1478,525,71,0ms,0,0,1,0/0/0/1,1,0,0,FF,0/70/0,N/F/N,1353MHz,2742,0,37.0C/0.0C,3.46ms,1.10ms,0.27ms,14.15ms,2(DR0,0.39,0.19(W0.23),1.00,15.75/21.29,19.20,0,1.21,0,0,-2208906985.938,True,True,999999,0,Quest-2,BeatSaber,PopStars-Medium,False,False,2.2
5,4,1478,525,73,0ms,0,0,6,0/1/0/5,1,0,0,FF,0/70/0,N/F/N,1353MHz,2742,0,37.0C/0.0C,3.42ms,0.88ms,0.28ms,13.46ms,2(DR0,0.38,0.17(W0.20),1.00,15.81/21.99,19.49,0,1.21,0,0,-2208906984.938,True,True,999999,0,Quest-2,BeatSaber,PopStars-Medium,False,False,2.2
