timestamp,Clocks / Second,GPU Frequency,GPU % Bus Busy,Preemptions / second,Avg Preemption Delay,% Vertex Fetch Stall,% Texture Fetch Stall,% Texture L1 Miss,% Texture L2 Miss,% Stalled on System Memory,Read Total (Bytes/sec),Write Total (Bytes/sec),Texture Memory Read BW (Bytes/Second),Vertex Memory Read (Bytes/Second),SP Memory Read (Bytes/Second),% Shaders Busy,% Shaders Stalled,% Shader ALU Capacity Utilized,% Time ALUs Working,% Time EFUs Working,% Texture Pipes Busy,% Wave Context Occupancy,% Instruction Cache Miss,% Time Compute,% Time Shading Vertices,Vertices Shaded / Second,Vertex Instructions / Second,Textures / Vertex,Avg Bytes / Vertex,ALU / Vertex,EFU / Vertex,% Time Shading Fragments,Fragments Shaded / Second,Fragment Instructions / Second,Fragment ALU Instructions / Sec (Full),Fragment ALU Instructions / Sec (Half),Fragment EFU Instructions / Second,L1 Texture Cache Miss Per Pixel,Textures / Fragment,Avg Bytes / Fragment,ALU / Fragment,EFU / Fragment,Pre-clipped Polygons/Second,% Prims Trivially Rejected,% Prims Clipped,Average Vertices / Polygon,Reused Vertices / Second,Average Polygon Area,% Nearest Filtered,% Linear Filtered,% Anisotropic Filtered,% Non-Base Level Textures,device,app,app_details,is_record,is_wireless,repetition
12/5/2023 10:34:02 PM,325884352.0,525000000.0,31.111,174.243,2.1,1.461,31.041,31.551,9.526,5.987,3131460096.0,1370104448.0,2786261248.0,126439128.0,1436319.5,80.861,11.656,46.202,50.469,29.122,75.596,86.387,0.0,0.0,2.384,9513217.0,734733504.0,0.467,13.291,73.86,3.373,97.616,1572475776.0,88074665984.0,36186505216.0,86876553216.0,8449881600.0,0.393,2.038,1.025,45.848,4.865,9619217.0,37.67,0.378,0.989,18677420.0,265.879,0.151,99.835,0.001,0.027,Quest-Pro,BeatSaber,PopStars-Easy,False,False,0.0
12/5/2023 10:34:03 PM,328691552.0,525000000.0,31.071,184.057,11.586,1.432,30.958,31.589,9.358,6.348,3060367104.0,1345761536.0,2716816128.0,125141120.0,3699451.75,80.325,12.086,45.592,49.823,28.44,75.142,86.572,0.0,0.0,2.391,9410152.0,725186752.0,0.458,13.299,73.691,3.373,97.609,1549820288.0,85728968704.0,35057012736.0,85145919488.0,8099000320.0,0.394,2.042,1.006,45.357,4.732,9479885.0,37.782,0.352,0.993,18489062.0,266.353,0.153,99.848,0.001,0.008,Quest-Pro,BeatSaber,PopStars-Easy,False,False,0.0
12/5/2023 10:34:04 PM,335401504.0,525000000.0,31.746,195.654,6.484,1.46,30.823,31.613,9.317,6.775,3248022784.0,1425206144.0,2891293440.0,132632440.0,3663886.5,80.168,12.044,45.509,49.719,27.875,75.157,86.745,0.0,0.0,2.343,9650669.0,751479808.0,0.456,13.743,74.504,3.364,97.657,1659156224.0,89436725248.0,36922650624.0,88585134080.0,8221508608.0,0.389,2.026,0.987,44.462,4.501,9700727.0,36.323,0.377,0.995,18965402.0,272.352,0.142,99.873,0.001,0.0,Quest-Pro,BeatSaber,PopStars-Easy,False,False,0.0
12/5/2023 10:34:05 PM,334166560.0,525000000.0,31.214,179.125,22.713,1.441,31.085,31.672,9.17,6.339,3227432192.0,1390093184.0,2863320064.0,130960072.0,4814872.5,80.293,12.067,45.606,49.862,28.528,75.108,86.222,0.0,0.0,2.409,9880917.0,758763840.0,0.459,13.254,73.406,3.385,97.591,1600070912.0,89316139008.0,36187439104.0,89311371264.0,8473015808.0,0.399,2.057,0.998,45.691,4.789,9947343.0,38.402,0.36,0.993,19421200.0,264.503,0.168,99.821,0.001,0.021,Quest-Pro,BeatSaber,PopStars-Easy,False,False,0.0
12/5/2023 10:34:06 PM,320905920.0,525000000.0,31.476,197.247,9.672,1.471,29.942,31.543,9.599,6.027,3139108352.0,1388686464.0,2794353920.0,126977184.0,4813457.0,79.68,11.651,46.138,50.402,28.62,74.51,86.539,0.0,0.0,2.397,9478693.0,730399360.0,0.454,13.396,73.698,3.359,97.603,1581948800.0,85847113728.0,35377102848.0,84821557248.0,8059233280.0,0.388,2.02,1.018,44.591,4.62,9533143.0,37.245,0.387,0.994,18630588.0,268.043,0.151,99.862,0.001,0.0,Quest-Pro,BeatSaber,PopStars-Easy,False,False,0.0
12/5/2023 10:34:07 PM,329851072.0,525000000.0,30.875,184.165,17.753,1.473,30.52,31.766,9.215,5.676,3185443328.0,1450529536.0,2828946688.0,131087544.0,3701625.0,80.494,11.582,46.418,50.742,28.691,75.334,86.319,0.0,0.0,2.365,9687449.0,755698240.0,0.462,13.532,74.627,3.381,97.635,1629299840.0,90121109504.0,36824428544.0,89883811840.0,8354772992.0,0.399,2.059,0.976,45.441,4.643,9741225.0,36.795,0.351,0.994,19042912.0,268.231,0.145,99.858,0.001,0.001,Quest-Pro,BeatSaber,PopStars-Easy,False,False,0.0
12/5/2023 10:34:08 PM,338411392.0,525000000.0,31.279,194.055,12.214,1.465,30.699,31.614,9.359,5.967,3278983424.0,1443444480.0,2908361728.0,132380160.0,4841697.0,80.202,12.011,45.811,50.075,28.83,74.901,86.408,0.0,0.0,2.445,10249148.0,778918080.0,0.452,12.916,72.619,3.379,97.555,1608084864.0,90171023360.0,36332634112.0,90362519552.0,8657123328.0,0.399,2.058,1.016,45.82,4.866,10312539.0,39.347,0.336,0.994,20146022.0,260.371,0.168,99.819,0.001,0.024,Quest-Pro,BeatSaber,PopStars-Easy,False,False,0.0
12/5/2023 10:34:09 PM,331961536.0,525000000.0,30.883,189.011,11.275,1.419,30.965,31.616,9.837,6.133,3043783936.0,1380049792.0,2700091136.0,123383792.0,4831040.0,79.947,12.332,45.658,49.897,28.474,74.815,86.142,0.0,0.0,2.39,9409054.0,725062464.0,0.458,13.113,73.687,3.373,97.61,1549727360.0,85690679296.0,35055144960.0,85089566720.0,8090756608.0,0.395,2.042,1.009,45.354,4.729,9479008.0,37.783,0.351,0.993,18486822.0,266.336,0.153,99.848,0.001,0.008,Quest-Pro,BeatSaber,PopStars-Easy,False,False,0.0
12/5/2023 10:34:10 PM,345375520.0,525000000.0,30.324,203.967,5.95,1.482,31.373,31.88,8.673,6.395,3060006912.0,1363619072.0,2702938624.0,131091712.0,4858585.5,79.889,11.924,45.837,50.14,28.607,74.874,86.39,0.0,0.0,2.396,9655175.0,750905728.0,0.459,13.577,74.398,3.375,97.604,1553313536.0,88834351104.0,35826913280.0,89372336128.0,8321274368.0,0.41,2.103,0.952,46.745,4.831,9726385.0,36.844,0.382,0.993,18983070.0,256.208,0.149,99.86,0.001,0.0,Quest-Pro,BeatSaber,PopStars-Easy,False,False,0.0
12/5/2023 10:34:11 PM,342656704.0,525000000.0,31.609,199.035,20.174,1.455,30.666,31.653,9.485,5.914,3329643008.0,1462183040.0,2960186368.0,132352216.0,5974234.5,79.863,11.804,45.868,50.149,28.964,74.524,86.251,0.0,0.0,2.448,10239027.0,777129408.0,0.452,12.926,72.521,3.378,97.552,1609770240.0,89905692672.0,36226957312.0,90012794880.0,8672339968.0,0.399,2.05,1.029,45.65,4.874,10307306.0,39.344,0.329,0.993,20144730.0,260.606,0.168,99.836,0.001,0.002,Quest-Pro,BeatSaber,PopStars-Easy,False,False,0.0
12/5/2023 10:34:12 PM,317713856.0,525000000.0,31.251,248.806,28.463,1.421,30.133,31.651,9.441,6.422,3137587968.0,1405937536.0,2776860928.0,125828856.0,12805115.0,77.966,11.973,45.724,49.97,28.51,73.031,86.341,0.0,0.0,2.389,9415381.0,725481728.0,0.458,13.364,73.68,3.373,97.611,1550158592.0,85674942464.0,35040448512.0,85094621184.0,8087183872.0,0.395,2.041,1.009,45.341,4.726,9485484.0,37.773,0.338,0.993,18498376.0,266.141,0.154,99.848,0.002,0.008,Quest-Pro,BeatSaber,PopStars-Easy,False,False,0.0
12/5/2023 10:34:13 PM,338853760.0,525000000.0,31.299,219.036,12.731,1.427,30.64,31.658,9.219,6.662,3237709312.0,1431720064.0,2875623424.0,131778008.0,7136602.5,79.624,12.233,45.489,49.716,28.013,74.741,86.769,0.0,0.0,2.329,9664571.0,751640896.0,0.46,13.635,74.398,3.375,97.671,1649980544.0,89984352256.0,36957798400.0,89401368576.0,8325865984.0,0.393,2.039,0.985,44.884,4.576,9735449.0,36.818,0.384,0.993,19000508.0,271.771,0.145,99.873,0.001,0.0,Quest-Pro,BeatSaber,PopStars-Easy,False,False,0.0
12/5/2023 10:34:14 PM,319082720.0,525000000.0,29.603,218.903,43.024,1.396,28.615,31.421,9.901,5.291,3165817088.0,1448997632.0,2800081152.0,124755272.0,14995570.0,76.943,11.051,45.538,49.699,28.152,72.15,86.593,0.0,0.0,2.316,9416211.0,725740928.0,0.458,13.249,73.702,3.371,97.684,1618973952.0,87272333312.0,36534259712.0,85166407680.0,8154864640.0,0.382,1.997,1.024,44.44,4.581,9490071.0,37.756,0.36,0.992,18497690.0,277.842,0.15,99.848,0.001,0.015,Quest-Pro,BeatSaber,PopStars-Easy,False,False,0.0
12/5/2023 10:34:15 PM,310168672.0,525000000.0,30.287,194.069,52.422,1.392,29.342,31.578,9.436,5.762,3072973824.0,1370707712.0,2713983232.0,124806752.0,12713382.0,78.193,11.471,46.025,50.292,28.687,73.204,86.668,0.0,0.0,2.376,9412147.0,725265024.0,0.458,13.26,73.683,3.373,97.624,1549947648.0,85634277376.0,35029352448.0,85050245120.0,8079804928.0,0.394,2.041,1.008,45.337,4.723,9481991.0,37.793,0.362,0.993,18493620.0,266.232,0.153,99.848,0.001,0.008,Quest-Pro,BeatSaber,PopStars-Easy,False,False,0.0
12/5/2023 10:34:16 PM,330832544.0,525000000.0,31.043,208.984,22.043,1.427,30.043,31.744,9.276,6.466,3160563456.0,1397631744.0,2796466688.0,129712816.0,10485961.0,78.717,11.927,45.831,50.089,28.421,73.714,86.758,0.0,0.0,2.381,9615614.0,744503104.0,0.458,13.49,74.059,3.367,97.619,1593252864.0,87791910912.0,35921092608.0,87320059904.0,8210788864.0,0.396,2.045,0.994,45.237,4.667,9671074.0,37.04,0.338,0.994,18905324.0,265.166,0.149,99.854,0.001,0.007,Quest-Pro,BeatSaber,PopStars-Easy,False,False,0.0
12/5/2023 10:34:17 PM,334083136.0,525000000.0,30.833,199.076,9.775,1.458,29.511,31.692,9.198,5.69,3218244864.0,1440377728.0,2860011008.0,131511240.0,4851722.5,79.955,11.165,46.34,50.635,28.462,74.909,86.798,0.0,0.0,2.33,9661848.0,751360896.0,0.46,13.611,74.39,3.376,97.67,1662995712.0,89967411200.0,36996399104.0,89336684544.0,8302669312.0,0.391,2.029,0.97,44.59,4.533,9732520.0,36.713,0.309,0.993,18996952.0,273.534,0.144,99.857,0.001,0.008,Quest-Pro,BeatSaber,PopStars-Easy,False,False,0.0
12/5/2023 10:34:18 PM,313490944.0,525000000.0,30.54,139.264,2.125,1.497,30.638,31.585,9.263,5.709,2998870016.0,1337735040.0,2659806464.0,125156408.0,249560.312,81.479,11.278,46.955,51.264,29.346,76.181,86.199,0.0,0.0,2.371,9445522.0,727395328.0,0.457,13.25,73.647,3.362,97.629,1565949952.0,87730208768.0,36868870144.0,85231329280.0,8245677056.0,0.389,2.031,0.974,46.008,4.773,9538639.0,37.849,0.367,0.99,18548306.0,267.955,0.152,99.849,0.001,0.01,Quest-Pro,BeatSaber,PopStars-Easy,False,False,0.0
12/5/2023 10:34:19 PM,316535488.0,525000000.0,31.119,149.329,8.033,1.444,31.014,31.605,9.241,6.535,3023997696.0,1344601728.0,2680543488.0,125237160.0,3639333.25,80.885,12.114,45.914,50.157,28.666,75.734,86.486,0.0,0.0,2.375,9429844.0,726845312.0,0.46,13.281,73.705,3.375,97.625,1558005248.0,86662807552.0,35885191168.0,85222612992.0,8166313472.0,0.391,2.037,0.979,45.65,4.749,9500188.0,37.556,0.367,0.993,18527002.0,266.252,0.153,99.845,0.001,0.008,Quest-Pro,BeatSaber,PopStars-Easy,False,False,0.0
12/5/2023 10:34:20 PM,341949632.0,525000000.0,31.584,194.081,12.792,1.426,31.456,31.66,9.163,7.167,3206269184.0,1443830016.0,2844670208.0,131435520.0,5965988.5,80.189,12.653,45.212,49.394,27.842,75.272,86.607,0.0,0.0,2.321,9668894.0,752099328.0,0.461,13.594,74.41,3.375,97.679,1654454400.0,90501545984.0,37405396992.0,89466109952.0,8363089920.0,0.392,2.037,0.97,45.028,4.585,9740923.0,36.722,0.385,0.993,19008198.0,272.025,0.144,99.871,0.001,0.0,Quest-Pro,BeatSaber,PopStars-Easy,False,False,0.0
12/5/2023 10:34:21 PM,336534528.0,525000000.0,31.295,193.76,24.568,1.442,30.473,31.568,9.618,6.404,3094779904.0,1375933568.0,2734965760.0,126494600.0,6909637.5,79.707,11.995,46.235,50.539,29.531,74.4,86.336,0.0,0.0,2.47,9983039.0,755055808.0,0.458,12.671,72.271,3.363,97.53,1544431616.0,87269752832.0,35425001472.0,86567936000.0,8560782336.0,0.396,2.042,1.033,46.026,5.006,10076722.0,39.355,0.345,0.991,19595134.0,256.144,0.15,99.847,0.001,0.009,Quest-Pro,BeatSaber,PopStars-Easy,False,False,0.0
12/5/2023 10:34:22 PM,338349376.0,525000000.0,31.155,194.147,16.336,1.462,30.083,31.65,9.225,5.969,3210393600.0,1445428480.0,2856799488.0,131342864.0,2595959.5,80.492,11.614,46.224,50.504,28.454,75.536,86.599,0.0,0.0,2.34,9668370.0,752247424.0,0.461,13.585,74.427,3.378,97.66,1664604288.0,90150248448.0,37110202368.0,89412714496.0,8333691904.0,0.39,2.03,0.97,44.622,4.545,9737008.0,36.729,0.341,0.993,19002568.0,273.938,0.144,99.878,0.001,0.0,Quest-Pro,BeatSaber,PopStars-Easy,False,False,0.0
12/5/2023 10:34:23 PM,339964128.0,525000000.0,30.902,188.815,10.139,1.457,30.744,31.537,9.612,5.823,3217351424.0,1415790848.0,2848662016.0,130369368.0,4826021.5,80.185,11.822,45.927,50.217,29.239,74.928,86.163,0.0,0.0,2.469,10270530.0,777747456.0,0.458,12.694,72.353,3.373,97.531,1596163456.0,89674244096.0,36251123712.0,89298845696.0,8773694464.0,0.395,2.041,1.031,45.806,4.968,10362712.0,39.241,0.343,0.991,20169504.0,256.792,0.17,99.817,0.001,0.028,Quest-Pro,BeatSaber,PopStars-Easy,False,False,0.0
12/5/2023 10:34:24 PM,332024256.0,525000000.0,30.662,179.169,10.108,1.419,31.263,31.494,9.263,6.005,3073462272.0,1401056384.0,2729224960.0,124775272.0,3692307.25,80.554,11.518,46.688,50.923,29.262,75.488,86.02,0.0,0.0,2.326,9433527.0,727221760.0,0.461,13.227,73.714,3.375,97.674,1581521536.0,89606275072.0,38461452288.0,85487820800.0,8400910336.0,0.386,2.02,0.967,46.582,4.819,9504120.0,37.469,0.382,0.993,18533164.0,269.824,0.152,99.849,0.001,0.007,Quest-Pro,BeatSaber,PopStars-Easy,False,False,0.0
12/5/2023 10:34:25 PM,271034752.0,525000000.0,25.206,169.037,26.479,1.192,28.425,31.704,7.779,6.026,1898737408.0,933637376.0,1673947520.0,83461808.0,5915739.0,80.104,14.439,40.891,44.332,23.158,70.008,86.478,0.0,0.0,1.414,3605897.75,370558304.0,0.488,23.146,99.724,3.041,98.586,1453591936.0,61709922304.0,32668256256.0,50032455680.0,4025436416.0,0.297,1.645,0.59,37.049,2.585,3751806.5,7.071,0.824,0.961,7105620.0,426.275,0.212,99.788,0.002,0.011,Quest-Pro,BeatSaber,PopStars-Easy,False,False,0.0
12/5/2023 10:34:26 PM,268593920.0,525000000.0,23.455,194.115,34.891,1.179,28.663,31.933,7.063,5.77,1750114688.0,868439360.0,1530466944.0,83483328.0,10462373.0,78.932,14.218,41.661,45.187,24.086,68.747,85.816,0.0,0.0,1.451,3638269.75,374073376.0,0.484,22.946,99.799,3.017,98.549,1396761984.0,62203424768.0,32970401792.0,50190471168.0,4137785856.0,0.303,1.666,0.538,38.681,2.756,3806821.25,7.998,0.895,0.956,7161434.5,407.728,0.209,99.793,0.002,0.012,Quest-Pro,BeatSaber,PopStars-Easy,False,False,0.0
12/5/2023 10:34:27 PM,262698400.0,525000000.0,23.292,213.575,42.697,1.177,27.164,31.808,7.18,5.215,1768486656.0,874110016.0,1544764416.0,83329752.0,14961928.0,77.344,13.446,41.735,45.317,23.956,67.222,86.072,0.0,0.0,1.463,3602552.25,370221664.0,0.488,23.131,99.726,3.041,98.537,1385317376.0,60244676608.0,31314354176.0,49902055424.0,3979297024.0,0.306,1.67,0.549,37.757,2.67,3749948.75,7.076,0.873,0.961,7101218.0,406.42,0.21,99.82,0.002,0.0,Quest-Pro,BeatSaber,PopStars-Easy,False,False,0.0
12/5/2023 10:34:28 PM,277837888.0,525000000.0,23.576,218.945,54.117,1.217,27.624,31.877,7.147,5.755,1874173696.0,936537472.0,1632517888.0,89595280.0,17245564.0,77.448,14.038,41.2,44.765,23.632,67.241,86.175,0.0,0.0,1.469,3870893.25,398707456.0,0.493,23.146,99.941,3.061,98.531,1482670976.0,64245952512.0,32996642816.0,54019375104.0,4239623168.0,0.307,1.676,0.543,37.638,2.659,4015247.75,6.625,0.849,0.964,7627686.0,403.947,0.196,99.806,0.002,0.011,Quest-Pro,BeatSaber,PopStars-Easy,False,False,0.0
12/5/2023 10:34:29 PM,264141456.0,525000000.0,20.028,209.012,57.462,1.225,27.631,31.868,9.959,4.215,1570902016.0,754211520.0,1349045120.0,78758456.0,14981956.0,77.361,13.583,42.09,45.693,24.123,67.249,84.952,0.0,0.0,1.474,3634752.5,373644672.0,0.484,21.668,99.778,3.02,98.526,1405955968.0,61118091264.0,32057327616.0,50062819328.0,4029354496.0,0.303,1.664,0.557,37.799,2.668,3800449.0,7.959,0.82,0.956,7155623.5,410.894,0.208,99.808,0.002,0.0,Quest-Pro,BeatSaber,PopStars-Easy,False,False,0.0
12/5/2023 10:34:30 PM,260861456.0,525000000.0,20.14,208.904,51.29,1.19,27.479,32.059,9.147,4.295,1555251840.0,750283712.0,1332434688.0,79052864.0,16097325.0,76.998,13.421,42.08,45.692,24.203,66.813,85.003,0.0,0.0,1.478,3607368.25,370772384.0,0.488,21.914,99.741,3.041,98.522,1380701056.0,60199124992.0,31233333248.0,49964101632.0,3983741440.0,0.307,1.671,0.544,37.875,2.684,3754387.0,7.082,0.858,0.961,7110364.0,404.511,0.211,99.791,0.002,0.01,Quest-Pro,BeatSaber,PopStars-Easy,False,False,0.0
12/5/2023 10:34:31 PM,275318944.0,525000000.0,24.144,218.226,50.064,1.176,28.285,31.934,7.09,6.78,1782251136.0,822068224.0,1554809600.0,85312064.0,14949165.0,77.556,14.839,40.569,44.041,23.267,67.611,86.197,0.0,0.0,1.469,3671516.0,375759328.0,0.477,23.236,99.312,3.032,98.531,1390786816.0,60239691776.0,31362541568.0,49802489856.0,3975907328.0,0.304,1.663,0.554,37.659,2.661,3789695.0,7.052,0.88,0.969,7240069.0,401.675,0.21,99.792,0.002,0.01,Quest-Pro,BeatSaber,PopStars-Easy,False,False,0.0
12/5/2023 10:34:32 PM,267820112.0,525000000.0,20.683,144.144,46.715,1.277,28.612,32.065,9.632,4.408,1685592576.0,767744704.0,1460831232.0,84631984.0,9236687.0,80.409,14.004,42.017,45.635,24.12,69.66,84.895,0.0,0.0,1.468,3865900.25,398457376.0,0.493,21.892,100.005,3.065,98.532,1500676480.0,65019940864.0,33471528960.0,54507372544.0,4294725632.0,0.308,1.671,0.543,37.635,2.662,4025284.0,6.619,0.861,0.96,7623066.0,407.821,0.22,99.8,0.001,0.0,Quest-Pro,BeatSaber,PopStars-Easy,False,False,0.0
12/5/2023 10:34:33 PM,258480896.0,525000000.0,21.29,139.181,32.093,1.255,29.162,31.936,8.566,5.069,1558250112.0,732207232.0,1349251200.0,80875984.0,5867568.5,80.892,14.01,42.616,46.207,24.581,70.252,84.99,0.0,0.0,1.47,3632832.5,373638400.0,0.484,22.263,99.833,3.017,98.53,1407896576.0,62175453184.0,32993789952.0,50109894656.0,4126713856.0,0.302,1.657,0.548,38.456,2.734,3801351.25,7.993,0.818,0.956,7151675.5,411.622,0.207,99.762,0.001,0.046,Quest-Pro,BeatSaber,PopStars-Easy,False,False,0.0
12/5/2023 10:34:34 PM,249873728.0,525000000.0,23.868,129.378,26.954,1.264,28.714,31.806,7.425,5.4,1730256512.0,837212224.0,1522259840.0,82783520.0,5849642.0,81.135,13.98,42.027,45.627,24.19,70.362,85.748,0.0,0.0,1.47,3607310.5,370821152.0,0.488,22.949,99.755,3.042,98.53,1383604224.0,60534198272.0,31516721152.0,50017267712.0,4008844800.0,0.306,1.671,0.543,38.009,2.696,3754244.25,7.071,0.803,0.961,7112312.5,405.52,0.21,99.787,0.001,0.009,Quest-Pro,BeatSaber,PopStars-Easy,False,False,0.0
12/5/2023 10:34:35 PM,265233872.0,525000000.0,19.71,144.267,52.81,1.259,28.767,32.105,10.748,3.671,1631667712.0,773015360.0,1411283840.0,82697336.0,9244522.0,80.3,14.067,42.174,45.829,24.339,69.584,84.369,0.0,0.0,1.478,3866304.25,398434880.0,0.491,21.389,99.99,3.063,98.522,1471252096.0,64847867904.0,33291137024.0,54503903232.0,4304779264.0,0.312,1.69,0.523,38.191,2.715,4025992.5,6.595,0.846,0.96,7623304.0,399.561,0.222,99.778,0.001,0.002,Quest-Pro,BeatSaber,PopStars-Easy,False,False,0.0
12/5/2023 10:34:36 PM,254704128.0,525000000.0,19.292,139.315,38.933,1.241,28.685,31.943,9.559,4.042,1475755264.0,666403008.0,1267882752.0,78949592.0,6990285.5,80.613,13.34,43.119,46.774,24.906,69.938,84.352,0.0,0.0,1.476,3637692.25,374100256.0,0.484,21.703,99.823,3.017,98.524,1397113856.0,62370742272.0,33122580480.0,50206461952.0,4144932096.0,0.304,1.67,0.538,38.777,2.76,3806801.25,7.956,0.862,0.956,7160031.5,407.908,0.208,99.794,0.001,0.01,Quest-Pro,BeatSaber,PopStars-Easy,False,False,0.0
12/5/2023 10:34:37 PM,250825088.0,525000000.0,19.666,139.285,42.285,1.274,28.822,32.058,10.193,3.92,1508961024.0,684994944.0,1302724992.0,77398408.0,8111946.0,80.291,13.501,42.786,46.415,24.728,69.551,84.43,0.0,0.0,1.481,3605844.25,370645216.0,0.488,21.465,99.748,3.043,98.519,1389044480.0,61143588864.0,32057264128.0,50040053760.0,4066295808.0,0.306,1.662,0.541,38.246,2.725,3751188.0,7.106,0.854,0.961,7107344.5,407.529,0.21,99.791,0.001,0.01,Quest-Pro,BeatSaber,PopStars-Easy,False,False,0.0
12/5/2023 10:34:38 PM,260590096.0,525000000.0,18.548,134.389,28.106,1.313,28.594,32.238,9.177,3.537,1529174400.0,682590400.0,1314035200.0,84847808.0,6983925.0,81.088,13.168,42.816,46.557,24.886,69.901,84.784,0.0,0.0,1.501,3913545.5,405050112.0,0.497,21.681,100.421,3.078,98.499,1477819520.0,65358209024.0,33146957824.0,55688216576.0,4367144960.0,0.315,1.692,0.51,38.293,2.742,4071925.5,6.486,0.76,0.961,7710800.0,396.641,0.203,99.799,0.001,0.01,Quest-Pro,BeatSaber,PopStars-Easy,False,False,0.0
12/5/2023 10:34:39 PM,302696992.0,525000000.0,29.986,124.335,191.593,1.463,30.701,31.643,10.293,5.241,2943624704.0,1331369472.0,2605482496.0,123435680.0,2468707.25,80.942,11.263,46.801,51.19,29.24,75.692,85.633,0.0,0.0,2.419,9421237.0,726524352.0,0.457,13.102,73.748,3.367,97.581,1550349312.0,85952937984.0,35293990912.0,85089714176.0,8114089984.0,0.394,2.039,0.995,45.421,4.735,9509027.0,37.378,0.355,0.991,18539326.0,263.79,0.153,99.848,0.001,0.01,Quest-Pro,BeatSaber,PopStars-Easy,False,False,0.0
12/5/2023 10:34:40 PM,322384416.0,525000000.0,31.415,139.304,228.681,1.483,30.889,31.722,9.305,5.677,3297661184.0,1478175616.0,2929320704.0,136804688.0,2496319.75,80.953,11.156,46.464,50.865,29.534,75.467,86.544,0.0,0.0,2.474,10492075.0,800148096.0,0.456,13.039,72.896,3.366,97.526,1621824768.0,91912077312.0,37054111744.0,91869175808.0,8923380736.0,0.401,2.062,1.02,46.121,4.959,10549160.0,38.254,0.361,0.995,20596120.0,252.463,0.145,99.88,0.001,0.0,Quest-Pro,BeatSaber,PopStars-Easy,False,False,0.0
12/5/2023 10:34:41 PM,325119232.0,525000000.0,31.053,159.286,308.615,1.425,30.847,31.501,9.062,5.67,3281810432.0,1468108032.0,2927291136.0,132484840.0,2533290.25,80.65,11.2,46.799,51.145,29.204,75.53,86.17,0.0,0.0,2.319,9732646.0,757822336.0,0.47,13.612,74.481,3.383,97.681,1633223424.0,92725559296.0,38619742208.0,90820239360.0,8695697408.0,0.395,2.068,0.972,46.528,4.815,9801258.0,36.468,0.329,0.993,19146260.0,265.987,0.164,99.851,0.001,0.0,Quest-Pro,BeatSaber,PopStars-Easy,False,False,0.0
12/5/2023 10:34:42 PM,260099152.0,525000000.0,25.252,138.729,43.088,1.223,28.879,31.873,7.066,6.535,1779877248.0,883036096.0,1567751168.0,83321008.0,6960857.5,80.338,14.951,40.932,44.482,23.362,69.931,86.135,0.0,0.0,1.486,3635587.0,373977408.0,0.482,22.918,99.86,3.006,98.514,1369786496.0,59698958336.0,30878564352.0,49798950912.0,3920918016.0,0.308,1.693,0.549,37.829,2.659,3812991.5,7.66,0.844,0.953,7150064.0,398.539,0.208,99.793,0.001,0.01,Quest-Pro,BeatSaber,PopStars-Easy,False,False,0.0
12/5/2023 10:34:43 PM,257042960.0,525000000.0,25.406,139.429,32.464,1.26,28.019,31.826,7.767,5.923,1876574080.0,917312576.0,1659788672.0,84538864.0,6995985.5,80.762,14.602,40.863,44.404,22.979,70.218,86.262,0.0,0.0,1.474,3659113.0,377803488.0,0.491,23.104,100.203,3.047,98.526,1452111872.0,60328271872.0,30759845888.0,51324932096.0,3905959424.0,0.305,1.667,0.587,36.196,2.506,3827772.0,6.703,0.876,0.956,7211672.0,415.846,0.229,99.763,0.001,0.021,Quest-Pro,BeatSaber,PopStars-Easy,False,False,0.0
12/5/2023 10:34:44 PM,252283152.0,525000000.0,23.549,139.227,62.238,1.228,28.471,31.987,7.584,5.408,1693615744.0,832003968.0,1484365952.0,82637384.0,5863118.5,80.628,14.397,41.662,45.289,23.83,69.907,85.435,0.0,0.0,1.508,3640024.5,374581664.0,0.483,22.702,99.894,3.012,98.492,1374309248.0,59683409920.0,30800812032.0,49909944320.0,3927623936.0,0.308,1.683,0.547,37.706,2.656,3810259.25,7.752,0.864,0.955,7158922.0,399.966,0.209,99.792,0.001,0.01,Quest-Pro,BeatSaber,PopStars-Easy,False,False,0.0
12/5/2023 10:34:45 PM,261970656.0,525000000.0,20.232,144.275,47.82,1.202,29.672,32.039,9.991,3.554,1627353728.0,798650496.0,1416792320.0,78590880.0,8121735.5,80.112,13.114,43.788,47.391,25.702,70.139,83.979,0.0,0.0,1.443,3637436.25,373860928.0,0.483,21.606,99.767,3.015,98.557,1425056000.0,65274253312.0,35678347264.0,50376597504.0,4407606272.0,0.298,1.623,0.529,39.805,2.882,3804795.0,7.845,1.184,0.956,7154796.0,415.048,0.21,99.792,0.001,0.011,Quest-Pro,BeatSaber,PopStars-Easy,False,False,0.0
12/5/2023 10:34:46 PM,254827248.0,525000000.0,25.763,143.603,38.52,1.233,27.593,31.929,7.053,6.963,1793036288.0,834894080.0,1578267008.0,87104584.0,6965857.0,79.499,15.682,38.967,42.527,21.758,68.301,86.856,0.0,0.0,1.587,3830924.25,390508032.0,0.468,22.737,98.984,2.952,98.413,1350196480.0,55123013632.0,26646513664.0,49872781312.0,3540110848.0,0.315,1.718,0.571,35.367,2.427,4031305.5,5.047,0.852,0.95,7540300.5,364.626,0.208,99.804,0.001,0.0,Quest-Pro,BeatSaber,PopStars-Easy,False,False,0.0
12/5/2023 10:34:47 PM,263682896.0,525000000.0,24.242,114.01,2.148,1.159,28.804,31.482,7.689,5.262,1811471744.0,926105664.0,1609642240.0,82949672.0,204305.625,82.094,11.664,46.247,50.567,23.986,72.262,85.736,0.0,0.0,1.511,3699827.5,401721728.0,0.473,22.42,105.194,3.385,98.489,1412511744.0,69487296512.0,37583376384.0,55478521856.0,4164655360.0,0.301,1.685,0.588,42.911,2.736,3905441.75,6.427,0.906,0.947,7222791.0,398.787,0.203,99.793,0.001,0.012,Quest-Pro,BeatSaber,PopStars-Easy,False,False,0.0
12/5/2023 10:34:48 PM,337329536.0,525000000.0,29.709,203.73,137.258,1.289,28.516,31.92,8.805,6.136,3091845888.0,1380182144.0,2737789952.0,129474592.0,4852940.0,76.887,10.851,47.006,51.845,26.48,72.616,80.779,0.0,0.0,2.379,9497400.0,757250368.0,0.471,13.633,76.106,3.626,97.621,1557227520.0,89329688576.0,34106540032.0,94897790976.0,7774257152.0,0.414,2.105,0.981,47.364,4.515,9440673.0,35.614,0.397,1.006,18726124.0,258.392,0.148,99.854,0.001,0.0,Quest-Pro,BeatSaber,PopStars-Easy,False,False,0.0
12/5/2023 10:34:49 PM,319615392.0,525000000.0,31.857,169.115,164.337,1.415,28.642,31.644,9.462,5.916,3312039424.0,1438796416.0,2949005824.0,130836368.0,7041538.5,77.779,10.801,44.847,49.16,27.647,73.11,88.161,0.0,0.0,2.382,9756705.0,745732288.0,0.474,13.41,72.978,3.455,97.618,1621793280.0,83990839296.0,30956509184.0,89977126912.0,8045765632.0,0.402,2.053,1.031,42.452,4.497,9728860.0,36.84,0.277,1.003,19286438.0,266.2,0.166,99.835,0.001,0.0,Quest-Pro,BeatSaber,PopStars-Easy,False,False,0.0
12/5/2023 10:34:50 PM,304519616.0,525000000.0,30.615,199.101,238.49,1.386,28.39,31.727,9.385,5.934,3023444736.0,1238898432.0,2682590720.0,124110416.0,7100106.0,76.958,10.835,44.978,49.338,27.852,72.278,88.24,0.0,0.0,2.392,9166069.0,699756672.0,0.454,13.54,72.918,3.424,97.608,1494307328.0,78621941760.0,28768061440.0,84594606080.0,7556572672.0,0.41,2.076,1.042,42.996,4.572,9217487.0,36.402,0.339,0.994,18388076.0,257.138,0.157,99.845,0.001,0.0,Quest-Pro,BeatSaber,PopStars-Easy,False,False,0.0
12/5/2023 10:34:51 PM,254273376.0,525000000.0,24.237,139.389,18.089,1.353,27.215,32.456,6.409,6.486,1768092544.0,707789952.0,1558661376.0,89357080.0,1373822.375,80.1,15.726,37.853,41.465,21.161,67.148,88.566,0.0,0.0,1.525,3765964.25,389370464.0,0.519,23.728,100.186,3.206,98.475,1381700096.0,53834379264.0,23113320448.0,54516899840.0,3462610176.0,0.334,1.731,0.535,33.756,2.32,3814820.25,1.181,0.801,0.987,7492650.5,373.223,0.203,99.78,0.001,0.023,Quest-Pro,BeatSaber,PopStars-Easy,False,False,0.0
12/5/2023 10:34:52 PM,266914544.0,525000000.0,25.37,134.304,6.388,1.231,28.616,31.916,6.833,6.877,1749194368.0,798189952.0,1546307584.0,84837464.0,2486952.0,81.322,16.31,39.108,42.638,22.001,71.709,86.677,0.0,0.0,1.521,3706054.25,381509280.0,0.475,22.892,99.982,2.96,98.479,1336269440.0,55807074304.0,27398434816.0,49604108288.0,3606587648.0,0.316,1.719,0.561,36.128,2.496,3917767.0,4.51,0.789,0.946,7256932.5,370.277,0.211,99.79,0.001,0.0,Quest-Pro,BeatSaber,PopStars-Easy,False,False,0.0
12/5/2023 10:34:53 PM,265581680.0,525000000.0,24.804,139.393,2.684,1.302,28.253,32.004,6.329,6.15,1855214208.0,853032000.0,1642451968.0,92389400.0,249792.359,81.905,15.354,39.604,43.219,22.438,71.94,87.19,0.0,0.0,1.524,3984252.0,411641408.0,0.482,23.189,100.326,2.991,98.476,1415792640.0,60018823168.0,28935790592.0,54357049344.0,3904507392.0,0.322,1.74,0.53,36.595,2.546,4203666.5,4.211,0.719,0.948,7806180.5,364.106,0.197,99.813,0.001,0.0,Quest-Pro,BeatSaber,PopStars-Easy,False,False,0.0
12/5/2023 10:34:54 PM,254973120.0,525000000.0,25.523,143.874,22.515,1.248,27.902,31.906,6.805,6.22,1796790528.0,850596416.0,1591937792.0,85518832.0,2498216.75,80.901,15.097,40.086,43.685,22.6,71.145,86.575,0.0,0.0,1.527,3740131.25,385212960.0,0.469,22.865,100.069,2.926,98.473,1339099392.0,56670515200.0,28208850944.0,49584078848.0,3669625088.0,0.315,1.722,0.559,36.582,2.533,3982207.5,5.059,0.75,0.939,7306492.0,368.171,0.21,99.792,0.001,0.0,Quest-Pro,BeatSaber,PopStars-Easy,False,False,0.0
12/5/2023 10:34:55 PM,272864448.0,525000000.0,26.12,176.991,9.423,1.235,28.213,31.971,6.643,6.81,1942491136.0,914427840.0,1720917632.0,93785392.0,3647430.0,80.624,15.681,39.486,43.085,22.291,71.018,86.952,0.0,0.0,1.55,4095964.25,419542976.0,0.473,22.897,99.454,2.974,98.45,1437451136.0,60003631104.0,29065682944.0,54094336000.0,3890780672.0,0.32,1.728,0.553,36.073,2.501,4287567.0,4.082,0.73,0.955,8030375.5,361.976,0.193,99.818,0.002,0.0,Quest-Pro,BeatSaber,PopStars-Easy,False,False,0.0
12/5/2023 10:34:56 PM,267966672.0,525000000.0,25.45,204.104,27.982,1.212,27.432,31.832,6.882,6.443,1821370368.0,904234304.0,1605355008.0,85431304.0,8239025.5,78.358,15.332,39.687,43.25,22.371,69.061,86.366,0.0,0.0,1.528,3752872.5,386405792.0,0.469,22.764,100.037,2.926,98.472,1343465856.0,56815181824.0,28262266880.0,49748688896.0,3678569216.0,0.315,1.722,0.563,36.559,2.531,3997269.5,5.069,0.791,0.939,7333591.0,368.113,0.21,99.792,0.002,0.0,Quest-Pro,BeatSaber,PopStars-Easy,False,False,0.0
12/5/2023 10:34:57 PM,260655584.0,525000000.0,26.358,189.048,11.287,1.234,28.309,31.905,6.871,7.097,1820285312.0,883078592.0,1612873600.0,85076288.0,4831991.5,79.708,16.129,39.152,42.685,22.024,70.336,86.789,0.0,0.0,1.521,3706965.75,381554656.0,0.475,22.95,99.969,2.96,98.479,1336459776.0,55797149696.0,27386621952.0,49609515008.0,3605771776.0,0.316,1.719,0.565,36.119,2.495,3919744.5,4.516,0.797,0.946,7259947.0,370.178,0.211,99.79,0.002,0.0,Quest-Pro,BeatSaber,PopStars-Easy,False,False,0.0
12/5/2023 10:34:58 PM,266601632.0,525000000.0,27.167,189.076,35.869,1.22,28.388,31.792,7.314,7.624,1879684992.0,914182656.0,1671357696.0,85086816.0,4832697.5,79.884,16.48,38.721,42.184,21.577,70.68,86.976,0.0,0.0,1.5,3707388.25,381559488.0,0.475,22.951,99.959,2.96,98.5,1378082176.0,56299876352.0,27885666304.0,49616199680.0,3606108160.0,0.311,1.698,0.593,35.446,2.426,3919491.5,4.527,0.794,0.946,7259784.0,381.835,0.208,99.794,0.002,0.0,Quest-Pro,BeatSaber,PopStars-Easy,False,False,0.0
12/5/2023 10:34:59 PM,282031648.0,525000000.0,26.777,203.535,19.54,1.226,28.262,31.859,7.08,7.496,1991125376.0,960339968.0,1766765312.0,93444640.0,4848292.5,79.682,16.192,38.755,42.248,21.675,70.498,87.148,0.0,0.0,1.529,4106175.5,419125984.0,0.47,22.757,99.111,2.961,98.471,1468039168.0,60183924736.0,29451753472.0,53729857536.0,3867240192.0,0.314,1.707,0.58,35.549,2.441,4300169.0,4.136,0.817,0.955,8047617.0,368.614,0.194,99.829,0.002,0.0,Quest-Pro,BeatSaber,PopStars-Easy,False,False,0.0
12/5/2023 10:35:00 PM,275891936.0,525000000.0,26.001,194.122,12.634,1.261,27.883,31.921,6.806,6.539,1936146816.0,920902336.0,1718559104.0,88475584.0,4843369.0,79.952,15.57,39.381,42.936,22.139,70.426,86.878,0.0,0.0,1.493,3800447.0,394963840.0,0.488,23.28,100.929,2.997,98.507,1417212672.0,58887688192.0,28721491968.0,52725911552.0,3803244032.0,0.317,1.718,0.561,35.971,2.484,4030327.0,4.409,0.797,0.943,7451131.5,381.019,0.228,99.764,0.002,0.013,Quest-Pro,BeatSaber,PopStars-Easy,False,False,0.0
12/5/2023 10:35:01 PM,259765232.0,525000000.0,26.3,184.117,7.362,1.222,28.337,31.913,6.874,6.854,1809647232.0,871683840.0,1608352000.0,84928784.0,1453510.75,80.637,16.058,39.413,42.971,22.172,71.075,86.708,0.0,0.0,1.525,3707901.5,381639200.0,0.475,22.905,99.966,2.96,98.475,1336824704.0,55824248832.0,27405246464.0,49622638592.0,3607684608.0,0.316,1.719,0.565,36.126,2.496,3920561.75,4.524,0.736,0.946,7261473.0,370.406,0.211,99.79,0.002,0.0,Quest-Pro,BeatSaber,PopStars-Easy,False,False,0.0
12/5/2023 10:35:02 PM,279107808.0,525000000.0,27.192,193.902,3.97,1.219,28.366,31.795,7.246,7.343,1936119040.0,940735040.0,1727408640.0,88404016.0,1442013.875,80.8,16.265,39.076,42.587,21.803,71.435,87.049,0.0,0.0,1.507,3852018.0,396214272.0,0.477,22.95,99.883,2.976,98.493,1426855680.0,58265808896.0,28615415808.0,51827785728.0,3736502528.0,0.313,1.702,0.591,35.417,2.427,4059988.25,4.266,0.782,0.949,7556195.0,380.052,0.195,99.807,0.002,0.0,Quest-Pro,BeatSaber,PopStars-Easy,False,False,0.0
12/5/2023 10:35:03 PM,255173456.0,525000000.0,26.755,161.263,8.375,1.206,28.442,31.845,7.003,7.007,1814601856.0,914994496.0,1610657024.0,84213288.0,3599155.25,80.361,16.022,39.503,43.05,22.276,70.924,86.556,0.0,0.0,1.524,3687889.0,379792160.0,0.469,22.835,100.061,2.922,98.476,1319518464.0,55905906688.0,27861262336.0,48847728640.0,3620779776.0,0.315,1.722,0.574,36.623,2.536,3929265.5,5.029,0.721,0.939,7202747.5,367.776,0.21,99.792,0.002,0.0,Quest-Pro,BeatSaber,PopStars-Easy,False,False,0.0
12/5/2023 10:35:04 PM,275246528.0,525000000.0,27.038,203.3,12.086,1.232,28.505,31.901,7.203,7.385,1936823808.0,976241152.0,1722790272.0,89772528.0,3723107.5,80.051,16.283,38.931,42.428,21.833,71.007,86.893,0.0,0.0,1.52,3932387.5,403665824.0,0.474,22.829,99.695,2.957,98.48,1416226816.0,58830462976.0,29039570944.0,52000448512.0,3790666496.0,0.315,1.713,0.59,35.943,2.475,4136629.5,4.135,0.863,0.951,7704039.0,370.588,0.2,99.827,0.002,0.0,Quest-Pro,BeatSaber,PopStars-Easy,False,False,0.0
12/5/2023 10:35:05 PM,270512288.0,525000000.0,26.652,189.178,6.778,1.241,28.449,31.947,6.911,6.965,1915044224.0,951898176.0,1701757952.0,87483128.0,2587164.75,80.38,16.212,39.213,42.748,22.064,70.88,86.676,0.0,0.0,1.508,3789881.75,392809856.0,0.481,23.083,100.673,2.974,98.492,1393422592.0,58480975872.0,28701466624.0,51994562560.0,3782227968.0,0.317,1.721,0.57,36.309,2.511,4029351.75,4.216,0.855,0.941,7420584.5,374.79,0.231,99.739,0.002,0.04,Quest-Pro,BeatSaber,PopStars-Easy,False,False,0.0
12/5/2023 10:35:06 PM,253003824.0,525000000.0,26.841,139.313,13.338,1.274,27.974,31.887,7.077,6.374,1853677568.0,930907072.0,1652617216.0,85330896.0,1373069.0,81.053,15.536,39.849,43.453,22.428,71.541,86.686,0.0,0.0,1.543,3725628.0,383567840.0,0.472,22.904,100.009,2.945,98.457,1336877568.0,55976468480.0,27546619904.0,49622945792.0,3618376704.0,0.316,1.72,0.583,36.203,2.502,3950837.5,4.264,0.809,0.943,7287692.5,367.822,0.211,99.791,0.001,0.0,Quest-Pro,BeatSaber,PopStars-Easy,False,False,0.0
12/5/2023 10:35:07 PM,262536624.0,525000000.0,27.889,142.844,19.446,1.246,29.048,31.879,7.335,7.665,1919109504.0,968122368.0,1709944448.0,88631632.0,2480317.5,81.328,16.758,39.06,42.58,21.895,72.089,86.839,0.0,0.0,1.538,3892184.25,398677664.0,0.469,22.772,99.491,2.939,98.462,1394852992.0,57751379968.0,28570615808.0,50923528192.0,3719002880.0,0.314,1.709,0.599,35.84,2.467,4103987.0,3.917,0.661,0.948,7622521.5,368.607,0.201,99.81,0.001,0.0,Quest-Pro,BeatSaber,PopStars-Easy,False,False,0.0
12/5/2023 10:35:08 PM,265490256.0,525000000.0,26.743,138.935,15.653,1.252,28.461,31.974,6.948,6.552,1975323776.0,988088512.0,1760989184.0,90944808.0,1369338.875,81.405,16.004,39.316,42.873,22.148,71.887,86.771,0.0,0.0,1.518,3961153.0,407833760.0,0.474,22.959,100.0,2.958,98.482,1427770624.0,59845300224.0,29288232960.0,53370748928.0,3871691264.0,0.317,1.722,0.576,36.247,2.507,4201390.5,3.841,0.78,0.943,7747179.0,367.953,0.224,99.767,0.001,0.012,Quest-Pro,BeatSaber,PopStars-Easy,False,False,0.0
12/5/2023 10:35:09 PM,260737024.0,525000000.0,26.871,134.355,19.654,1.229,28.517,31.892,7.054,6.873,1838713344.0,933617216.0,1635197312.0,85611056.0,2487895.5,81.037,16.098,39.308,42.854,22.141,71.791,86.78,0.0,0.0,1.524,3732052.25,384243360.0,0.472,22.939,100.017,2.941,98.476,1338999936.0,56259092480.0,27785373696.0,49668722688.0,3639358720.0,0.316,1.721,0.58,36.327,2.512,3959410.75,4.093,0.765,0.943,7295165.5,367.774,0.21,99.791,0.001,0.0,Quest-Pro,BeatSaber,PopStars-Easy,False,False,0.0
12/5/2023 10:35:10 PM,268586592.0,525000000.0,25.633,149.335,20.952,1.269,28.023,32.033,6.516,5.794,1951230592.0,975403136.0,1736299648.0,93010744.0,2515526.0,81.166,15.28,39.899,43.545,22.66,71.491,86.703,0.0,0.0,1.533,4020837.25,416004192.0,0.479,23.132,100.486,2.976,98.467,1426568064.0,60895100928.0,29474953216.0,54900891648.0,3969704192.0,0.322,1.744,0.547,36.817,2.567,4262093.5,3.797,0.779,0.943,7864095.0,362.051,0.223,99.771,0.001,0.01,Quest-Pro,BeatSaber,PopStars-Easy,False,False,0.0
12/5/2023 10:35:11 PM,265805808.0,525000000.0,27.033,213.785,24.376,1.193,27.521,31.784,7.352,7.084,1908883968.0,971367232.0,1690039040.0,85734544.0,9363748.0,78.083,15.564,39.4,42.935,22.081,69.161,86.714,0.0,0.0,1.532,3755707.0,386646432.0,0.468,22.828,100.029,2.92,98.468,1363104000.0,56566517760.0,28108679168.0,49633230848.0,3641225984.0,0.312,1.707,0.599,35.978,2.475,4000515.75,4.604,0.759,0.939,7332162.5,372.467,0.209,99.772,0.002,0.024,Quest-Pro,BeatSaber,PopStars-Easy,False,False,0.0
12/5/2023 10:35:12 PM,271194048.0,525000000.0,26.281,189.283,4.646,1.232,27.794,31.836,7.052,6.253,1853566848.0,952345088.0,1648798976.0,85816912.0,1463893.25,80.072,15.226,40.138,43.743,22.659,70.695,86.351,0.0,0.0,1.537,3784251.25,389816832.0,0.466,22.677,100.107,2.903,98.463,1346858496.0,57371414528.0,28735578112.0,49834033152.0,3718819584.0,0.314,1.724,0.578,36.796,2.55,4045451.5,4.594,0.795,0.935,7377596.0,365.17,0.209,99.792,0.002,0.0,Quest-Pro,BeatSaber,PopStars-Easy,False,False,0.0
12/5/2023 10:35:13 PM,269533504.0,525000000.0,27.893,198.952,18.208,1.206,28.298,31.762,7.498,7.748,1931583744.0,978582464.0,1718701184.0,87191992.0,5971749.0,79.29,16.497,38.975,42.47,21.762,70.343,86.639,0.0,0.0,1.547,3876951.5,394742944.0,0.46,22.49,98.901,2.917,98.453,1381096320.0,56834588672.0,28297705472.0,49780125696.0,3646820096.0,0.311,1.701,0.609,35.655,2.445,4087462.75,3.988,0.774,0.948,7579252.5,366.856,0.207,99.807,0.002,0.0,Quest-Pro,BeatSaber,PopStars-Easy,False,False,0.0
12/5/2023 10:35:14 PM,260553248.0,525000000.0,26.039,144.315,14.496,1.237,27.566,31.805,7.033,5.868,1844459648.0,947581312.0,1638617472.0,85857632.0,2505862.25,80.587,14.938,40.353,43.977,22.782,71.115,86.472,0.0,0.0,1.553,3780480.5,389504640.0,0.465,22.711,100.127,2.903,98.447,1345886976.0,57353211904.0,28740093952.0,49790459904.0,3717887232.0,0.314,1.724,0.576,36.813,2.552,4042257.75,4.575,0.743,0.935,7371431.0,365.097,0.209,99.792,0.001,0.0,Quest-Pro,BeatSaber,PopStars-Easy,False,False,0.0
12/5/2023 10:35:15 PM,268843488.0,525000000.0,27.076,148.112,2.089,1.245,28.55,31.895,7.21,6.945,1884852992.0,948713728.0,1680351232.0,88195960.0,265416.344,81.424,16.06,39.253,42.784,22.027,72.206,86.951,0.0,0.0,1.55,3882889.25,396889600.0,0.467,22.714,99.283,2.932,98.45,1377037696.0,57293443072.0,28327548928.0,50544635904.0,3693577984.0,0.314,1.712,0.59,36.017,2.482,4095637.0,3.919,0.8,0.948,7605778.0,364.375,0.204,99.813,0.001,0.0,Quest-Pro,BeatSaber,PopStars-Easy,False,False,0.0
12/5/2023 10:35:16 PM,279200608.0,525000000.0,27.312,144.359,13.331,1.239,28.681,31.828,7.181,7.116,1962879360.0,985432320.0,1751683328.0,88417840.0,1382658.75,81.579,16.39,39.059,42.57,21.889,72.252,86.91,0.0,0.0,1.491,3813681.0,395980736.0,0.483,23.184,100.858,2.974,98.509,1428820352.0,59251023872.0,29192400896.0,52487593984.0,3814825728.0,0.314,1.71,0.588,35.922,2.472,4059329.75,4.013,0.803,0.939,7466416.5,381.97,0.227,99.765,0.001,0.013,Quest-Pro,BeatSaber,PopStars-Easy,False,False,0.0
12/5/2023 10:35:17 PM,260654656.0,525000000.0,25.961,139.33,11.731,1.265,27.463,31.865,7.023,5.724,1852028928.0,947497472.0,1645905280.0,86228408.0,2496789.5,80.483,14.663,40.417,44.046,22.817,70.986,86.46,0.0,0.0,1.54,3780235.5,389479040.0,0.465,22.81,100.127,2.903,98.46,1345641472.0,57336356864.0,28726892544.0,49785577472.0,3716675328.0,0.314,1.724,0.575,36.807,2.551,4041886.75,4.577,0.766,0.935,7370524.5,365.014,0.209,99.792,0.001,0.0,Quest-Pro,BeatSaber,PopStars-Easy,False,False,0.0
12/5/2023 10:35:18 PM,267849968.0,525000000.0,25.983,147.886,7.744,1.303,27.373,31.954,6.95,5.58,1937862912.0,970067392.0,1724972544.0,90720264.0,2491105.0,81.024,14.7,40.239,43.885,22.678,71.525,86.932,0.0,0.0,1.541,3941686.25,405665216.0,0.474,23.016,99.959,2.957,98.459,1411544192.0,59201359872.0,28992106496.0,52754403328.0,3832050688.0,0.318,1.725,0.575,36.241,2.508,4169538.75,3.857,0.738,0.945,7720865.5,366.803,0.197,99.804,0.001,0.0,Quest-Pro,BeatSaber,PopStars-Easy,False,False,0.0
12/5/2023 10:35:19 PM,255787056.0,525000000.0,27.793,139.189,2.393,1.215,28.754,31.775,7.341,7.301,1875827712.0,952135872.0,1676105088.0,85238088.0,249425.797,81.79,16.371,39.35,42.872,22.033,72.352,86.879,0.0,0.0,1.522,3729565.75,384037632.0,0.472,22.855,100.031,2.94,98.478,1365647360.0,56565129216.0,28114903040.0,49623015424.0,3638720000.0,0.312,1.705,0.597,35.917,2.469,3958292.25,4.038,0.787,0.942,7291240.5,375.13,0.208,99.763,0.001,0.039,Quest-Pro,BeatSaber,PopStars-Easy,False,False,0.0
12/5/2023 10:35:20 PM,258778144.0,525000000.0,27.068,139.338,21.465,1.237,28.623,31.855,7.048,7.281,1835999616.0,933048192.0,1630854400.0,85064240.0,3620568.0,80.81,16.41,39.075,42.599,22.01,71.584,86.87,0.0,0.0,1.523,3732546.25,384365440.0,0.472,22.79,100.036,2.941,98.477,1339412352.0,56296050688.0,27816450048.0,49675309056.0,3641946624.0,0.315,1.721,0.579,36.342,2.514,3960931.75,4.074,0.753,0.942,7297468.5,367.737,0.21,99.791,0.001,0.0,Quest-Pro,BeatSaber,PopStars-Easy,False,False,0.0
12/5/2023 10:35:21 PM,268815616.0,525000000.0,26.521,142.71,2.142,1.274,28.201,31.915,6.961,6.366,1973092096.0,989100288.0,1758252672.0,94401728.0,255736.5,81.682,15.557,39.696,43.297,22.372,72.145,87.017,0.0,0.0,1.554,4126024.5,422894176.0,0.471,22.88,99.536,2.958,98.446,1449430016.0,60705918976.0,29635125248.0,54282620928.0,3929484288.0,0.318,1.726,0.576,36.185,2.504,4334450.0,3.681,0.76,0.952,8079301.0,361.298,0.192,99.811,0.001,0.0,Quest-Pro,BeatSaber,PopStars-Easy,False,False,0.0
12/5/2023 10:35:22 PM,265738640.0,525000000.0,25.987,209.002,30.913,1.23,27.13,31.872,7.038,6.35,1867516416.0,968073664.0,1647753856.0,85637624.0,10486863.0,77.72,14.91,39.972,43.551,22.549,68.685,86.485,0.0,0.0,1.535,3753131.0,386507744.0,0.469,22.818,100.058,2.924,98.465,1344940288.0,57162141696.0,28573849600.0,49768374272.0,3704102912.0,0.315,1.723,0.577,36.73,2.545,4000678.5,4.094,0.837,0.938,7325555.0,366.745,0.21,99.779,0.002,0.017,Quest-Pro,BeatSaber,PopStars-Easy,False,False,0.0
12/5/2023 10:35:23 PM,261323904.0,525000000.0,26.436,189.016,10.813,1.223,27.85,31.883,7.036,6.492,1862602368.0,934738304.0,1654409472.0,85559672.0,4831167.5,79.476,15.563,39.63,43.206,22.324,70.214,86.598,0.0,0.0,1.535,3732070.0,384247328.0,0.472,22.926,100.018,2.94,98.465,1338866944.0,56279601152.0,27811780608.0,49653776384.0,3640929792.0,0.316,1.721,0.579,36.345,2.514,3959943.5,4.06,0.822,0.942,7294334.0,367.481,0.211,99.791,0.002,0.0,Quest-Pro,BeatSaber,PopStars-Easy,False,False,0.0
12/5/2023 10:35:24 PM,284546080.0,525000000.0,26.922,194.157,27.787,1.209,28.59,31.994,6.908,7.521,1887379328.0,948022656.0,1671543040.0,85818312.0,5968318.0,79.34,16.543,38.813,42.318,21.872,70.224,86.668,0.0,0.0,1.511,3759203.0,387941472.0,0.475,22.829,100.249,2.949,98.489,1360374784.0,57343373312.0,28209172480.0,50841853952.0,3713275904.0,0.318,1.724,0.571,36.445,2.523,4004856.0,4.025,0.757,0.939,7352367.0,368.983,0.237,99.732,0.002,0.041,Quest-Pro,BeatSaber,PopStars-Easy,False,False,0.0
12/5/2023 10:35:25 PM,288092576.0,525000000.0,26.633,185.929,4.731,1.21,28.032,31.857,7.135,6.662,1817615232.0,930837184.0,1615956224.0,81748912.0,2486069.5,79.772,15.707,39.658,43.203,22.307,70.527,86.319,0.0,0.0,1.519,3622610.0,373190144.0,0.466,22.566,100.114,2.903,98.481,1310983552.0,55469309952.0,27820410880.0,48127074304.0,3585359104.0,0.314,1.716,0.583,36.603,2.529,3889241.5,4.565,0.741,0.931,7064278.0,369.602,0.236,99.731,0.002,0.043,Quest-Pro,BeatSaber,PopStars-Easy,False,False,0.0
12/5/2023 10:35:26 PM,282029120.0,525000000.0,25.841,189.176,13.408,1.25,27.786,31.982,6.818,6.061,1939900672.0,971310592.0,1724251008.0,91217304.0,3711191.25,80.178,15.166,39.652,43.256,22.457,70.937,86.841,0.0,0.0,1.529,3978048.5,409721376.0,0.474,22.93,100.035,2.961,98.471,1412735232.0,59625308160.0,29097027584.0,53306318848.0,3875120128.0,0.32,1.732,0.567,36.451,2.534,4205149.0,3.869,0.702,0.946,7784465.0,363.706,0.199,99.823,0.002,0.0,Quest-Pro,BeatSaber,PopStars-Easy,False,False,0.0
12/5/2023 10:35:27 PM,278973984.0,525000000.0,26.885,184.194,5.666,1.229,29.009,31.964,6.738,7.421,1904640000.0,952622656.0,1694368896.0,88126768.0,1454118.25,80.873,16.775,38.89,42.416,21.98,71.491,86.73,0.0,0.0,1.509,3816403.25,396193088.0,0.483,23.092,100.84,2.973,98.491,1388272768.0,58835685376.0,28755484672.0,52523409408.0,3818493952.0,0.319,1.732,0.56,36.608,2.541,4062546.25,3.965,0.739,0.939,7470526.5,370.471,0.231,99.761,0.002,0.013,Quest-Pro,BeatSaber,PopStars-Easy,False,False,0.0
12/5/2023 10:35:28 PM,269547360.0,525000000.0,27.207,188.62,10.766,1.241,28.068,31.766,7.422,6.945,1904942464.0,959131776.0,1699525248.0,87665688.0,1458765.125,80.344,15.902,39.479,43.013,22.067,71.084,86.737,0.0,0.0,1.547,3876532.75,395071424.0,0.461,22.614,98.994,2.92,98.453,1383677184.0,57084096512.0,28420165632.0,49993781248.0,3667042048.0,0.311,1.703,0.603,35.73,2.453,4091132.25,3.943,0.784,0.948,7589869.5,366.81,0.206,99.806,0.002,0.0,Quest-Pro,BeatSaber,PopStars-Easy,False,False,0.0
12/5/2023 10:35:29 PM,280192608.0,525000000.0,25.358,174.195,30.69,1.245,27.197,32.031,6.691,5.454,1923653888.0,946301248.0,1705282048.0,88609752.0,4807226.5,79.895,14.695,40.193,43.834,22.729,70.248,86.542,0.0,0.0,1.526,3822865.25,397232800.0,0.484,23.179,100.935,2.975,98.474,1391200512.0,59011190784.0,28832765952.0,52688003072.0,3834422272.0,0.32,1.732,0.557,36.642,2.546,4070212.25,3.969,0.815,0.939,7482873.0,370.633,0.23,99.736,0.002,0.045,Quest-Pro,BeatSaber,PopStars-Easy,False,False,0.0
12/5/2023 10:35:30 PM,274664704.0,525000000.0,25.809,179.187,11.976,1.245,27.798,31.774,6.993,6.117,1839095424.0,936173888.0,1631106432.0,85559296.0,3692684.5,79.79,15.244,40.096,43.684,22.631,70.327,86.249,0.0,0.0,1.538,3778823.5,389264544.0,0.466,22.642,100.107,2.905,98.462,1347273088.0,57453944832.0,28827475968.0,49804259328.0,3724337664.0,0.314,1.723,0.572,36.853,2.554,4040028.25,4.609,0.712,0.935,7370626.0,365.414,0.209,99.792,0.002,0.0,Quest-Pro,BeatSaber,PopStars-Easy,False,False,0.0
12/5/2023 10:35:31 PM,283965376.0,525000000.0,27.539,194.004,4.967,1.222,28.901,31.839,7.27,7.853,1871394688.0,935339712.0,1667262208.0,85485160.0,2600405.75,80.254,16.709,38.845,42.324,21.743,71.08,86.866,0.0,0.0,1.507,3729527.25,383923488.0,0.472,22.921,100.0,2.941,98.493,1364113536.0,56606273536.0,28138131456.0,49653841920.0,3641220864.0,0.312,1.709,0.592,35.91,2.469,3956004.25,4.09,0.85,0.943,7290619.5,374.172,0.208,99.82,0.002,0.0,Quest-Pro,BeatSaber,PopStars-Easy,False,False,0.0
12/5/2023 10:35:32 PM,287575456.0,525000000.0,25.72,189.126,2.086,1.261,28.544,31.977,6.662,6.661,1887294464.0,942576960.0,1675130496.0,90418032.0,338913.938,80.582,16.133,38.913,42.449,22.032,71.263,86.939,0.0,0.0,1.529,3971916.5,408878240.0,0.473,22.764,99.986,2.957,98.471,1396302848.0,59332046848.0,28961634304.0,53025218560.0,3857804288.0,0.32,1.735,0.554,36.677,2.551,4198778.0,3.869,0.865,0.946,7768154.5,359.718,0.229,99.773,0.002,0.0,Quest-Pro,BeatSaber,PopStars-Easy,False,False,0.0
12/5/2023 10:35:33 PM,281436096.0,525000000.0,26.145,184.144,3.906,1.207,28.028,31.822,7.013,6.538,1833746688.0,944141632.0,1628096384.0,84927096.0,2583828.0,79.816,15.444,39.863,43.431,22.503,70.555,86.507,0.0,0.0,1.537,3781699.0,389499744.0,0.466,22.457,100.093,2.903,98.463,1346877696.0,57440280576.0,28814057472.0,49804541952.0,3723951872.0,0.314,1.724,0.573,36.849,2.555,4043342.75,4.485,0.756,0.935,7372794.0,365.033,0.209,99.792,0.002,0.0,Quest-Pro,BeatSaber,PopStars-Easy,False,False,0.0
12/5/2023 10:35:34 PM,290655712.0,525000000.0,26.564,197.665,16.477,1.249,27.605,31.833,7.227,6.559,2027128576.0,1016370304.0,1802865792.0,94619464.0,3701563.0,80.03,15.469,39.567,43.136,22.177,70.815,87.05,0.0,0.0,1.544,4144462.25,424570432.0,0.47,22.83,99.486,2.956,98.456,1483825152.0,61350219776.0,30147074048.0,54503792640.0,3951250944.0,0.314,1.712,0.591,35.797,2.464,4353088.0,3.632,0.826,0.952,8112656.0,367.735,0.19,99.82,0.002,0.0,Quest-Pro,BeatSaber,PopStars-Easy,False,False,0.0
12/5/2023 10:35:35 PM,272850720.0,525000000.0,26.226,179.057,19.486,1.224,28.08,31.844,7.012,6.423,1847014144.0,946370240.0,1641076352.0,85511376.0,2566964.75,80.09,15.644,39.891,43.459,22.518,70.738,86.162,0.0,0.0,1.54,3779988.0,389391680.0,0.465,22.622,100.112,2.902,98.46,1346191104.0,57424683008.0,28813590528.0,49776074752.0,3723056128.0,0.314,1.724,0.574,36.858,2.555,4042774.25,4.477,0.738,0.935,7370404.0,364.872,0.209,99.792,0.002,0.0,Quest-Pro,BeatSaber,PopStars-Easy,False,False,0.0
12/5/2023 10:35:36 PM,274910976.0,525000000.0,27.38,168.952,15.743,1.203,28.523,31.818,7.257,7.432,1871687040.0,945107840.0,1668413568.0,84983368.0,2546766.0,80.451,16.494,39.093,42.597,21.908,71.281,86.632,0.0,0.0,1.514,3729004.25,383913088.0,0.471,22.79,100.014,2.939,98.486,1359668352.0,56562503680.0,28114040832.0,49612406784.0,3642259200.0,0.313,1.71,0.592,35.997,2.478,3957885.0,4.003,0.78,0.942,7289285.0,373.295,0.208,99.812,0.002,0.0,Quest-Pro,BeatSaber,PopStars-Easy,False,False,0.0
12/5/2023 10:35:37 PM,281325312.0,525000000.0,26.188,189.056,2.114,1.242,28.026,31.833,6.888,6.418,1940464640.0,975446784.0,1727422976.0,90834664.0,1462137.75,80.84,15.578,39.592,43.173,22.314,71.356,86.957,0.0,0.0,1.519,3978400.75,409872992.0,0.474,22.832,100.065,2.96,98.481,1432379776.0,60144250880.0,29457977344.0,53584867328.0,3893839616.0,0.317,1.724,0.569,36.306,2.513,4217954.5,3.768,0.799,0.943,7783427.5,367.48,0.197,99.803,0.002,0.004,Quest-Pro,BeatSaber,PopStars-Easy,False,False,0.0
12/5/2023 10:35:38 PM,274063168.0,525000000.0,26.408,184.028,22.257,1.214,28.455,31.88,7.013,6.862,1838779136.0,945549376.0,1632941440.0,85358800.0,2575836.25,80.078,15.975,39.516,43.054,22.309,70.921,86.308,0.0,0.0,1.525,3780265.5,389410912.0,0.466,22.58,100.109,2.902,98.475,1346229504.0,57438142464.0,28825980928.0,49776304128.0,3724011008.0,0.314,1.724,0.574,36.864,2.556,4043187.0,4.476,0.736,0.935,7370823.0,365.034,0.209,99.792,0.002,0.0,Quest-Pro,BeatSaber,PopStars-Easy,False,False,0.0
12/5/2023 10:35:39 PM,293263456.0,525000000.0,26.926,179.098,16.811,1.217,28.644,31.757,7.405,7.583,1999049728.0,1018471552.0,1775667712.0,88520664.0,5937462.5,79.593,16.559,38.035,41.43,21.21,70.859,87.213,0.0,0.0,1.453,3833974.25,398806976.0,0.485,23.088,101.04,2.98,98.547,1465644288.0,60140658688.0,29777772544.0,53011812352.0,3856979968.0,0.311,1.7,0.601,35.604,2.44,4079289.0,3.883,0.787,0.94,7501158.5,389.474,0.222,99.746,0.002,0.041,Quest-Pro,BeatSaber,PopStars-Easy,False,False,0.0
12/5/2023 10:35:40 PM,282718432.0,525000000.0,26.91,179.248,13.938,1.215,28.73,31.759,7.035,7.538,1839592448.0,945544320.0,1633117824.0,85478696.0,2569695.25,80.092,16.559,39.194,42.703,22.127,70.953,86.583,0.0,0.0,1.528,3784277.75,389833472.0,0.465,22.588,100.112,2.902,98.472,1347652864.0,57505714176.0,28861739008.0,49831038976.0,3728458496.0,0.314,1.724,0.574,36.866,2.556,4047035.0,4.459,0.773,0.935,7377886.0,364.909,0.209,99.792,0.002,0.0,Quest-Pro,BeatSaber,PopStars-Easy,False,False,0.0
12/5/2023 10:35:41 PM,286518272.0,525000000.0,27.569,188.913,17.626,1.226,28.787,31.864,7.193,7.863,1904920192.0,958123200.0,1693054080.0,88624256.0,3706040.5,80.08,16.744,38.935,42.436,21.884,70.99,86.781,0.0,0.0,1.538,3907750.25,399263264.0,0.466,22.679,99.243,2.929,98.462,1385076480.0,57695195136.0,28565704704.0,50807074816.0,3725954048.0,0.314,1.714,0.589,36.044,2.488,4124016.25,3.847,0.773,0.948,7655302.0,364.252,0.204,99.807,0.002,0.0,Quest-Pro,BeatSaber,PopStars-Easy,False,False,0.0
12/5/2023 10:35:42 PM,290261088.0,525000000.0,26.998,189.149,10.781,1.202,27.624,31.799,7.377,6.812,2025168384.0,1015482496.0,1803285248.0,90423032.0,4834557.0,79.812,15.764,39.344,42.866,21.97,70.544,86.834,0.0,0.0,1.514,3975424.5,409261792.0,0.474,22.746,99.991,2.957,98.486,1466649472.0,60228653056.0,29814593536.0,53096988672.0,3865564672.0,0.311,1.701,0.6,35.609,2.442,4202592.0,3.775,0.734,0.946,7774701.5,377.829,0.222,99.779,0.002,0.0,Quest-Pro,BeatSaber,PopStars-Easy,False,False,0.0
12/5/2023 10:35:43 PM,266032240.0,525000000.0,26.81,182.86,15.594,1.229,28.282,31.836,7.148,7.098,1840247296.0,929096128.0,1636554496.0,84842496.0,3675396.0,80.048,16.084,39.219,42.732,22.02,70.925,86.742,0.0,0.0,1.517,3709744.0,381984416.0,0.471,22.87,100.029,2.938,98.483,1343397760.0,56181682176.0,27884226560.0,49345810432.0,3624550400.0,0.314,1.715,0.585,36.161,2.494,3937301.5,3.989,0.753,0.942,7250139.5,370.779,0.209,99.792,0.002,0.0,Quest-Pro,BeatSaber,PopStars-Easy,False,False,0.0
12/5/2023 10:35:44 PM,289851360.0,525000000.0,26.821,184.019,14.558,1.236,28.574,31.854,7.077,7.233,1969941248.0,989386496.0,1749028480.0,93097200.0,3698691.0,80.124,16.419,38.938,42.444,21.88,71.011,86.618,0.0,0.0,1.538,4098391.25,416919936.0,0.46,22.716,98.799,2.928,98.462,1439917696.0,60032004096.0,29536196608.0,53239787520.0,3875913984.0,0.316,1.717,0.582,36.083,2.49,4325531.0,3.661,0.749,0.947,8023346.5,359.724,0.196,99.805,0.002,0.0,Quest-Pro,BeatSaber,PopStars-Easy,False,False,0.0
12/5/2023 10:35:45 PM,275547616.0,525000000.0,26.252,184.291,16.962,1.229,28.329,31.933,6.844,6.628,1886118656.0,951459520.0,1674083328.0,87271544.0,2579514.25,80.28,16.015,39.647,43.228,22.445,70.851,86.17,0.0,0.0,1.529,3819363.5,394756128.0,0.47,22.85,100.444,2.912,98.471,1371141888.0,58652729344.0,29244909568.0,51193843712.0,3810900992.0,0.317,1.729,0.563,36.941,2.567,4103450.25,4.44,0.805,0.931,7454525.5,365.63,0.234,99.762,0.002,0.013,Quest-Pro,BeatSaber,PopStars-Easy,False,False,0.0
12/5/2023 10:35:46 PM,281048960.0,525000000.0,27.565,191.782,10.545,1.189,28.749,31.826,7.16,7.974,1840626816.0,928743936.0,1636196224.0,84086880.0,3674656.5,79.863,16.836,38.834,42.326,21.807,70.754,86.847,0.0,0.0,1.527,3694621.5,380391552.0,0.471,22.759,100.023,2.936,98.473,1337948800.0,55844294656.0,27695407104.0,49093173248.0,3602300928.0,0.313,1.713,0.585,36.132,2.491,3925497.25,4.026,0.758,0.941,7222058.5,370.415,0.209,99.792,0.002,0.0,Quest-Pro,BeatSaber,PopStars-Easy,False,False,0.0
12/5/2023 10:35:47 PM,293399328.0,525000000.0,26.059,194.06,2.269,1.247,28.3,32.038,6.63,6.624,1905957248.0,947253376.0,1690603904.0,91006008.0,1471275.0,80.562,15.917,39.371,42.951,22.311,71.071,86.73,0.0,0.0,1.546,3978821.75,409709760.0,0.474,22.873,100.019,2.953,98.454,1396974848.0,59341488128.0,28942569472.0,53074837504.0,3861500416.0,0.321,1.736,0.553,36.67,2.552,4212062.0,3.787,0.746,0.945,7783566.5,359.225,0.229,99.773,0.002,0.0,Quest-Pro,BeatSaber,PopStars-Easy,False,False,0.0
12/5/2023 10:35:48 PM,279702368.0,525000000.0,26.72,194.231,2.152,1.195,28.734,31.851,7.017,7.27,1829774720.0,938965632.0,1626748288.0,85827400.0,348061.344,80.423,16.292,39.402,42.933,22.244,71.149,86.416,0.0,0.0,1.535,3791721.25,390747488.0,0.465,22.635,100.156,2.897,98.465,1347939328.0,57477427200.0,28831639552.0,49838878720.0,3726350080.0,0.314,1.723,0.574,36.847,2.554,4062269.5,4.476,0.748,0.933,7394521.0,363.774,0.209,99.792,0.002,0.0,Quest-Pro,BeatSaber,PopStars-Easy,False,False,0.0
12/5/2023 10:35:49 PM,279867744.0,525000000.0,26.114,204.05,2.279,1.235,27.89,31.98,7.007,6.47,1876951424.0,944481024.0,1667972224.0,88951352.0,1489386.625,80.108,15.63,39.458,43.027,22.231,70.842,86.744,0.0,0.0,1.554,3930303.5,402186656.0,0.467,22.632,99.401,2.929,98.446,1378061952.0,57832689664.0,28503601152.0,51172491264.0,3742844160.0,0.317,1.722,0.577,36.28,2.51,4153076.5,3.847,0.745,0.946,7699278.5,359.887,0.205,99.807,0.002,0.0,Quest-Pro,BeatSaber,PopStars-Easy,False,False,0.0
12/5/2023 10:35:50 PM,287425216.0,525000000.0,26.442,219.048,16.218,1.215,27.781,31.8,6.995,6.944,1966077312.0,994398336.0,1743431808.0,91307320.0,6019268.5,79.122,15.751,39.293,42.848,22.112,69.915,86.878,0.0,0.0,1.535,3995049.75,411894112.0,0.477,22.855,100.144,2.957,98.465,1438041344.0,60131295232.0,29496510464.0,53499387904.0,3885092096.0,0.315,1.72,0.575,36.176,2.499,4228286.0,3.787,0.811,0.945,7813955.5,368.19,0.197,99.821,0.002,0.0,Quest-Pro,BeatSaber,PopStars-Easy,False,False,0.0
12/5/2023 10:35:51 PM,280299104.0,525000000.0,27.196,194.061,5.901,1.17,28.265,31.786,7.312,7.471,1909545856.0,967636608.0,1696368000.0,85456320.0,4841855.0,79.661,16.381,38.988,42.489,21.845,70.608,86.519,0.0,0.0,1.514,3779723.5,389836992.0,0.468,22.609,100.227,2.913,98.486,1388822912.0,57698648064.0,28793450496.0,50384736256.0,3712826368.0,0.312,1.706,0.595,36.001,2.476,4045647.0,4.457,0.77,0.934,7379338.5,374.995,0.234,99.779,0.002,0.0,Quest-Pro,BeatSaber,PopStars-Easy,False,False,0.0
12/5/2023 10:35:52 PM,283200416.0,525000000.0,26.55,208.593,5.067,1.223,28.346,31.934,7.008,7.089,1827191424.0,925577472.0,1622139264.0,85270128.0,2616595.75,79.725,16.213,39.146,42.672,22.049,70.544,86.622,0.0,0.0,1.531,3733365.0,384481952.0,0.471,22.84,100.051,2.934,98.469,1337494656.0,56239050752.0,27808696320.0,49583669248.0,3638519040.0,0.316,1.721,0.576,36.365,2.515,3968608.75,4.011,0.785,0.941,7298415.0,366.232,0.211,99.791,0.002,0.001,Quest-Pro,BeatSaber,PopStars-Easy,False,False,0.0
12/5/2023 10:35:53 PM,283528896.0,525000000.0,26.997,204.078,6.643,1.258,28.815,31.93,7.008,7.492,1893721088.0,951713152.0,1685228928.0,86606640.0,1489587.375,80.301,16.746,38.723,42.215,21.801,71.099,86.705,0.0,0.0,1.509,3777735.5,390578272.0,0.475,22.926,100.439,2.95,98.491,1379311616.0,57792106496.0,28490100736.0,51129761792.0,3737125120.0,0.316,1.719,0.577,36.26,2.507,4027636.0,3.97,0.779,0.938,7391153.5,371.836,0.234,99.765,0.002,0.003,Quest-Pro,BeatSaber,PopStars-Easy,False,False,0.0
12/5/2023 10:35:54 PM,275147040.0,525000000.0,27.074,209.123,16.816,1.193,28.851,31.828,7.024,7.962,1832569728.0,930899712.0,1624175104.0,84978792.0,4871737.0,79.371,16.876,38.56,42.036,21.719,70.417,86.763,0.0,0.0,1.533,3742470.75,385400128.0,0.471,22.707,100.046,2.934,98.467,1340907520.0,56377446400.0,27875663872.0,49708716032.0,3647424256.0,0.315,1.721,0.577,36.363,2.515,3978172.75,4.018,0.792,0.941,7316468.0,366.442,0.211,99.791,0.002,0.0,Quest-Pro,BeatSaber,PopStars-Easy,False,False,0.0
12/5/2023 10:35:55 PM,286384352.0,525000000.0,26.145,208.729,22.886,1.222,28.076,31.937,6.943,6.959,1962753920.0,996601216.0,1736630144.0,91804472.0,7106802.5,78.993,15.835,38.923,42.453,21.938,70.062,87.117,0.0,0.0,1.526,4017246.75,415288832.0,0.481,22.853,100.408,2.968,98.474,1442415744.0,60418244608.0,29581422592.0,53853343744.0,3910151424.0,0.317,1.724,0.573,36.22,2.506,4236263.0,3.771,0.802,0.948,7863683.5,368.44,0.195,99.837,0.002,0.0,Quest-Pro,BeatSaber,PopStars-Easy,False,False,0.0
12/5/2023 10:35:56 PM,272395296.0,525000000.0,27.154,199.048,37.99,1.171,27.444,31.766,7.462,7.414,1921920128.0,977410176.0,1699549568.0,85569576.0,11592549.0,77.876,15.613,39.271,42.786,21.941,69.008,86.659,0.0,0.0,1.524,3772723.75,388758080.0,0.467,22.681,100.135,2.909,98.476,1383517824.0,57193836544.0,28664395776.0,49717915648.0,3670480384.0,0.31,1.7,0.604,35.839,2.458,4022160.75,4.474,0.765,0.938,7365856.5,375.869,0.207,99.809,0.002,0.0,Quest-Pro,BeatSaber,PopStars-Easy,False,False,0.0
12/5/2023 10:35:57 PM,269662912.0,525000000.0,26.259,203.917,30.305,1.242,27.736,31.887,7.011,6.907,1828042368.0,929120576.0,1615995904.0,85056608.0,7103409.0,78.735,15.711,39.409,42.959,22.197,69.612,86.651,0.0,0.0,1.534,3738393.5,384962720.0,0.471,22.752,100.041,2.935,98.466,1339461632.0,56321806336.0,27851087872.0,49653702656.0,3643867136.0,0.316,1.721,0.576,36.367,2.516,3974042.5,4.006,0.77,0.941,7308788.5,366.544,0.211,99.791,0.002,0.001,Quest-Pro,BeatSaber,PopStars-Easy,False,False,0.0
12/5/2023 10:35:58 PM,281095200.0,525000000.0,26.578,213.712,13.958,1.212,28.503,31.929,6.868,7.376,1945676800.0,977587840.0,1724755072.0,93712040.0,3749563.0,79.674,16.32,38.947,42.487,22.03,70.598,86.927,0.0,0.0,1.561,4136272.5,422269408.0,0.465,22.656,99.152,2.937,98.439,1431966592.0,60185567232.0,29435033600.0,53686431744.0,3907319040.0,0.319,1.729,0.569,36.31,2.521,4353066.0,3.672,0.781,0.95,8095044.5,355.683,0.196,99.838,0.002,0.0,Quest-Pro,BeatSaber,PopStars-Easy,False,False,0.0
12/5/2023 10:35:59 PM,271311968.0,525000000.0,26.516,208.704,4.852,1.176,28.485,31.779,7.006,7.278,1821732096.0,937493760.0,1615941120.0,85135320.0,2617982.5,79.747,16.204,39.34,42.867,22.202,70.562,86.589,0.0,0.0,1.532,3779509.75,389338144.0,0.465,22.525,100.114,2.899,98.468,1344644224.0,57334362112.0,28765483008.0,49705869312.0,3715942656.0,0.313,1.723,0.572,36.844,2.553,4045120.25,4.504,0.761,0.934,7368671.5,363.899,0.21,99.792,0.002,0.0,Quest-Pro,BeatSaber,PopStars-Easy,False,False,0.0
12/5/2023 10:36:00 PM,280898240.0,525000000.0,26.871,216.961,26.107,1.234,28.514,31.937,6.947,7.661,1923530112.0,965681664.0,1703724032.0,90404624.0,5955612.0,79.515,16.458,38.857,42.373,21.895,70.509,87.093,0.0,0.0,1.527,3952462.5,406830432.0,0.473,22.873,99.981,2.95,98.473,1411991936.0,59200180224.0,29015302144.0,52706820096.0,3831468800.0,0.317,1.724,0.573,36.251,2.509,4186701.25,3.787,0.754,0.944,7739256.0,365.774,0.198,99.816,0.002,0.0,Quest-Pro,BeatSaber,PopStars-Easy,False,False,0.0
12/5/2023 10:36:01 PM,271572416.0,525000000.0,26.535,144.242,19.246,1.244,27.665,31.909,7.019,6.207,1998561792.0,997985280.0,1776697472.0,91746208.0,3634030.0,80.803,15.189,39.823,43.425,22.399,71.255,86.776,0.0,0.0,1.533,3993133.5,411681792.0,0.473,22.976,100.145,2.952,98.467,1449971072.0,60422729728.0,29626273792.0,53785128960.0,3903890944.0,0.316,1.718,0.578,36.067,2.491,4246711.5,3.715,0.722,0.94,7809953.5,370.352,0.222,99.779,0.001,0.0,Quest-Pro,BeatSaber,PopStars-Easy,False,False,0.0
12/5/2023 10:36:02 PM,263488784.0,525000000.0,26.998,148.42,2.216,1.253,28.159,31.827,7.314,6.715,1866907008.0,938640896.0,1664825344.0,87299424.0,265969.5,81.148,15.833,39.591,43.147,22.187,71.675,86.766,0.0,0.0,1.558,3863751.25,393718880.0,0.459,22.594,98.988,2.912,98.442,1362998016.0,56583987200.0,28159430656.0,49566687232.0,3641210880.0,0.312,1.707,0.595,35.96,2.473,4082691.25,3.88,0.785,0.946,7557877.5,362.714,0.207,99.829,0.001,0.0,Quest-Pro,BeatSaber,PopStars-Easy,False,False,0.0
12/5/2023 10:36:03 PM,262996080.0,525000000.0,27.784,139.34,2.242,1.221,28.347,31.683,7.609,7.168,1906973184.0,967454720.0,1704837888.0,85501720.0,249697.703,81.536,16.028,39.406,42.912,21.951,72.182,86.939,0.0,0.0,1.512,3741086.25,385241152.0,0.471,22.855,100.042,2.934,98.488,1392506112.0,57035747328.0,28538982400.0,49690669056.0,3651429376.0,0.308,1.693,0.612,35.587,2.434,3978263.25,4.005,0.803,0.94,7315084.0,380.933,0.206,99.774,0.001,0.027,Quest-Pro,BeatSaber,PopStars-Easy,False,False,0.0
12/5/2023 10:36:04 PM,258429952.0,525000000.0,26.823,139.319,8.05,1.232,28.705,31.882,7.025,7.046,1815329792.0,920780480.0,1613614592.0,85532904.0,1373132.375,81.297,16.128,39.378,42.927,22.185,71.892,86.802,0.0,0.0,1.536,3740159.75,385177248.0,0.47,22.869,100.05,2.934,98.464,1340520960.0,56424497152.0,27931963392.0,49682874368.0,3651097600.0,0.316,1.721,0.577,36.402,2.518,3977798.75,3.992,0.784,0.94,7314330.5,366.718,0.21,99.791,0.001,0.0,Quest-Pro,BeatSaber,PopStars-Easy,False,False,0.0
12/5/2023 10:36:05 PM,283663232.0,525000000.0,26.425,223.84,29.473,1.207,28.046,31.835,6.986,7.304,1969847808.0,993356800.0,1739739904.0,90599464.0,9386223.0,78.527,16.16,38.797,42.299,21.817,69.529,86.9,0.0,0.0,1.52,3980068.0,409753376.0,0.473,22.763,100.0,2.951,98.48,1437698048.0,60145545216.0,29544710144.0,53426327552.0,3887670016.0,0.316,1.72,0.575,36.169,2.499,4227535.0,3.8,0.746,0.941,7785730.0,368.751,0.225,99.772,0.002,0.008,Quest-Pro,BeatSaber,PopStars-Easy,False,False,0.0
12/5/2023 10:36:06 PM,269861568.0,525000000.0,26.287,208.753,28.544,1.196,28.069,31.875,7.031,7.158,1829044864.0,932797888.0,1614904960.0,85009464.0,8229862.5,78.582,15.986,38.976,42.489,21.957,69.613,86.7,0.0,0.0,1.529,3737874.25,384908288.0,0.47,22.743,100.042,2.933,98.471,1338895744.0,56333828096.0,27875483648.0,49626521600.0,3645082368.0,0.315,1.721,0.577,36.389,2.517,3974599.75,4.04,0.714,0.94,7306708.5,366.983,0.211,99.791,0.002,0.0,Quest-Pro,BeatSaber,PopStars-Easy,False,False,0.0
12/5/2023 10:36:07 PM,275928288.0,525000000.0,25.726,203.736,39.784,1.257,26.991,31.947,6.961,6.07,1955390080.0,984185664.0,1727680128.0,91065224.0,9341067.0,78.678,14.781,39.863,43.468,22.467,69.521,86.838,0.0,0.0,1.541,3982931.0,409935136.0,0.473,22.864,99.972,2.951,98.459,1423492224.0,59755159552.0,29322393600.0,53128794112.0,3868369152.0,0.317,1.724,0.575,36.292,2.512,4218419.5,3.801,0.749,0.944,7800399.0,365.897,0.198,99.805,0.002,0.0,Quest-Pro,BeatSaber,PopStars-Easy,False,False,0.0
12/5/2023 10:36:08 PM,270209536.0,525000000.0,25.496,189.138,25.248,1.238,27.322,31.973,6.722,5.936,1908486528.0,952044928.0,1684530176.0,88323248.0,8205804.0,79.148,15.019,39.846,43.454,22.522,69.726,86.544,0.0,0.0,1.524,3818587.5,396257408.0,0.482,23.13,100.807,2.964,98.476,1386428416.0,58779021312.0,28779169792.0,52364455936.0,3817626112.0,0.32,1.731,0.559,36.637,2.545,4073924.0,3.929,0.771,0.937,7475940.0,369.841,0.231,99.736,0.002,0.044,Quest-Pro,BeatSaber,PopStars-Easy,False,False,0.0
12/5/2023 10:36:09 PM,278220384.0,525000000.0,25.731,179.008,2.057,1.237,27.846,31.904,7.026,6.495,1803923968.0,917325632.0,1601442816.0,86847136.0,320781.5,79.841,15.695,39.168,42.701,22.064,70.704,86.949,0.0,0.0,1.555,3863987.0,392813984.0,0.455,22.476,98.757,2.903,98.445,1339383424.0,56350597120.0,27881256960.0,49646473216.0,3646105088.0,0.315,1.721,0.577,36.386,2.517,4098238.25,3.91,0.757,0.943,7551910.0,355.324,0.211,99.806,0.002,0.0,Quest-Pro,BeatSaber,PopStars-Easy,False,False,0.0
12/5/2023 10:36:10 PM,286280768.0,525000000.0,26.751,203.494,22.763,1.228,27.868,31.752,7.239,7.077,1968971392.0,998632448.0,1750581248.0,90717576.0,3726653.0,79.716,15.854,39.138,42.664,21.96,70.673,87.132,0.0,0.0,1.528,3973932.5,409353216.0,0.472,22.828,100.056,2.953,98.472,1448461824.0,59937103872.0,29571201024.0,53005840384.0,3862982656.0,0.312,1.711,0.591,35.845,2.469,4204436.0,3.807,0.799,0.945,7762378.0,373.712,0.196,99.811,0.002,0.0,Quest-Pro,BeatSaber,PopStars-Easy,False,False,0.0
12/5/2023 10:36:11 PM,279051232.0,525000000.0,25.966,204.067,36.397,1.199,27.642,31.747,7.032,7.081,1828183552.0,948912448.0,1607352064.0,85471360.0,10480092.0,77.772,15.603,39.457,42.998,22.28,68.857,86.544,0.0,0.0,1.537,3791209.0,390515168.0,0.464,22.545,100.11,2.895,98.463,1347447808.0,57498812416.0,28863473664.0,49814241280.0,3728217600.0,0.314,1.724,0.573,36.872,2.557,4063404.75,4.504,0.755,0.933,7393452.0,364.226,0.209,99.792,0.002,0.0,Quest-Pro,BeatSaber,PopStars-Easy,False,False,0.0
12/5/2023 10:36:12 PM,279237376.0,525000000.0,26.506,199.004,14.889,1.234,28.009,31.81,7.113,7.025,1857031936.0,936293824.0,1648430848.0,87869312.0,3726627.5,79.527,16.067,39.308,42.856,22.148,70.295,86.709,0.0,0.0,1.564,3898696.25,397590336.0,0.462,22.538,99.065,2.915,98.436,1363183232.0,57097019392.0,28265150464.0,50277576704.0,3693079808.0,0.315,1.718,0.582,36.222,2.505,4122506.0,3.879,0.77,0.946,7635234.0,359.367,0.207,99.828,0.002,0.0,Quest-Pro,BeatSaber,PopStars-Easy,False,False,0.0
12/5/2023 10:36:13 PM,288740448.0,525000000.0,27.171,194.037,2.066,1.242,28.246,31.789,7.386,6.967,2008718464.0,1002702784.0,1794228608.0,90730872.0,347714.469,80.911,16.265,39.216,42.734,21.904,71.473,86.798,0.0,0.0,1.522,3980546.5,409835744.0,0.473,22.794,100.008,2.952,98.478,1466228608.0,60219097088.0,29816651776.0,53074563072.0,3865163776.0,0.311,1.701,0.6,35.616,2.443,4214963.0,3.792,0.748,0.944,7785663.5,377.376,0.222,99.779,0.002,0.0,Quest-Pro,BeatSaber,PopStars-Easy,False,False,0.0
12/5/2023 10:36:14 PM,285823232.0,525000000.0,26.371,183.985,2.094,1.236,28.699,31.865,7.008,6.92,1822375680.0,936001664.0,1619751296.0,85564816.0,329701.312,80.657,16.186,39.403,42.94,22.249,71.429,86.464,0.0,0.0,1.54,3787418.0,390216896.0,0.464,22.592,100.134,2.896,98.46,1346049920.0,57425760256.0,28819783680.0,49765249024.0,3723352320.0,0.314,1.723,0.573,36.864,2.556,4058970.25,4.506,0.785,0.933,7385679.5,364.129,0.209,99.792,0.002,0.0,Quest-Pro,BeatSaber,PopStars-Easy,False,False,0.0
12/5/2023 10:36:15 PM,278175488.0,525000000.0,26.558,192.534,14.905,1.207,27.702,31.839,7.272,6.713,1869992832.0,944250944.0,1660970112.0,86993504.0,3689065.5,79.823,15.803,39.33,42.864,22.041,70.619,86.72,0.0,0.0,1.555,3865693.0,394182912.0,0.46,22.504,99.056,2.913,98.445,1364549760.0,56691249152.0,28154591232.0,49772724224.0,3650296576.0,0.313,1.709,0.593,35.971,2.476,4088311.25,3.894,0.766,0.946,7568996.0,362.811,0.207,99.797,0.002,0.0,Quest-Pro,BeatSaber,PopStars-Easy,False,False,0.0
12/5/2023 10:36:16 PM,278729696.0,525000000.0,26.261,189.08,17.604,1.256,28.278,31.976,6.716,6.757,1919508096.0,959592256.0,1700536960.0,90792840.0,3709313.75,80.173,15.912,39.341,42.916,22.269,70.734,86.693,0.0,0.0,1.543,3974901.75,409237248.0,0.474,22.842,99.999,2.956,98.457,1403326720.0,59330805760.0,28941232128.0,53066592256.0,3856279040.0,0.32,1.731,0.558,36.564,2.542,4206833.5,3.806,0.79,0.945,7779422.5,360.817,0.228,99.747,0.002,0.034,Quest-Pro,BeatSaber,PopStars-Easy,False,False,0.0
12/5/2023 10:36:17 PM,278104320.0,525000000.0,25.793,194.126,14.163,1.249,28.391,32.031,6.711,6.745,1891965568.0,957226880.0,1671362816.0,88114752.0,7097627.5,79.38,16.104,38.798,42.315,21.946,70.289,86.793,0.0,0.0,1.5,3817393.75,396326112.0,0.482,23.082,100.851,2.97,98.5,1387022080.0,58708807680.0,28667013120.0,52457111552.0,3813239296.0,0.32,1.732,0.558,36.569,2.54,4069339.0,3.956,0.764,0.938,7476142.5,369.434,0.231,99.761,0.002,0.013,Quest-Pro,BeatSaber,PopStars-Easy,False,False,0.0
12/5/2023 10:36:18 PM,270242528.0,525000000.0,26.917,188.955,12.645,1.225,28.395,31.874,7.003,7.323,1833001088.0,934283968.0,1627786368.0,85341208.0,2584110.75,80.0,16.185,39.12,42.637,22.026,70.842,86.695,0.0,0.0,1.523,3739302.75,385011488.0,0.47,22.823,100.03,2.933,98.477,1339170560.0,56308060160.0,27843596288.0,49643827200.0,3642548736.0,0.316,1.721,0.577,36.361,2.515,3978162.0,4.059,0.763,0.94,7310525.0,365.844,0.211,99.778,0.002,0.017,Quest-Pro,BeatSaber,PopStars-Easy,False,False,0.0
12/5/2023 10:36:19 PM,282179968.0,525000000.0,27.03,202.839,10.498,1.234,27.893,31.814,7.307,6.987,1960000640.0,990416448.0,1745691648.0,90968712.0,2544406.5,79.969,15.851,39.26,42.803,22.004,70.903,87.036,0.0,0.0,1.544,4015179.0,409904736.0,0.465,22.656,99.147,2.942,98.456,1431102848.0,58850357248.0,28967727104.0,52186460160.0,3789399808.0,0.313,1.708,0.598,35.618,2.451,4222026.0,3.708,0.771,0.951,7859655.0,365.905,0.193,99.818,0.002,0.0,Quest-Pro,BeatSaber,PopStars-Easy,False,False,0.0
12/5/2023 10:36:20 PM,269460384.0,525000000.0,26.595,199.046,7.906,1.182,28.331,31.835,7.021,7.182,1829825024.0,951436736.0,1621361152.0,85398208.0,3727421.5,79.585,16.185,39.435,42.976,22.259,70.493,86.459,0.0,0.0,1.536,3786249.5,390033344.0,0.465,22.555,100.114,2.899,98.464,1345766912.0,57289576448.0,28685465600.0,49781809152.0,3713207296.0,0.314,1.723,0.575,36.784,2.549,4055549.25,4.553,0.841,0.934,7385624.5,363.544,0.21,99.792,0.002,0.0,Quest-Pro,BeatSaber,PopStars-Easy,False,False,0.0
12/5/2023 10:36:21 PM,271940032.0,525000000.0,27.175,203.508,15.274,1.197,28.221,31.778,7.341,7.414,1877069824.0,958175744.0,1666477440.0,85049848.0,5968410.5,79.33,16.249,38.992,42.488,21.828,70.378,86.803,0.0,0.0,1.514,3728052.5,383805984.0,0.471,22.813,100.014,2.936,98.486,1364071936.0,56520380416.0,28109352960.0,49551458304.0,3635298304.0,0.311,1.706,0.597,35.903,2.468,3960508.75,4.059,0.771,0.941,7288325.0,374.36,0.208,99.793,0.002,0.0,Quest-Pro,BeatSaber,PopStars-Easy,False,False,0.0
12/5/2023 10:36:22 PM,278209312.0,525000000.0,25.978,199.153,19.053,1.232,27.951,31.889,6.821,6.7,1911800448.0,969119040.0,1693663744.0,90706744.0,4858698.0,79.458,15.757,39.224,42.783,22.199,70.215,86.86,0.0,0.0,1.542,3980452.75,409928512.0,0.474,22.788,100.032,2.954,98.458,1406843136.0,59351896064.0,29051285504.0,52887416832.0,3856903680.0,0.318,1.729,0.566,36.446,2.533,4204619.5,3.813,0.876,0.947,7786567.0,362.122,0.2,99.802,0.002,0.0,Quest-Pro,BeatSaber,PopStars-Easy,False,False,0.0
12/5/2023 10:36:23 PM,266428384.0,525000000.0,26.318,204.078,18.519,1.216,28.079,31.909,7.008,6.883,1835329664.0,930191424.0,1627930752.0,85315416.0,3737357.75,79.519,15.871,39.272,42.823,22.144,70.323,86.643,0.0,0.0,1.538,3770129.5,388359520.0,0.467,22.629,100.098,2.912,98.462,1341669888.0,56610955264.0,28086794240.0,49719554048.0,3664384768.0,0.315,1.722,0.576,36.477,2.525,4017820.75,4.499,0.782,0.938,7360481.5,364.901,0.211,99.805,0.002,0.0,Quest-Pro,BeatSaber,PopStars-Easy,False,False,0.0
12/5/2023 10:36:24 PM,273212608.0,525000000.0,25.775,182.745,14.522,1.231,27.727,31.919,6.992,6.449,1822176896.0,924737152.0,1615180928.0,86585696.0,4794599.0,79.185,15.605,39.118,42.679,22.082,70.09,86.681,0.0,0.0,1.555,3855190.5,392792160.0,0.46,22.46,98.973,2.913,98.445,1331414656.0,56081022976.0,27717320704.0,49468133376.0,3629635584.0,0.316,1.723,0.576,36.39,2.518,4071422.5,3.89,0.831,0.947,7542206.0,354.951,0.21,99.923,0.002,0.0,Quest-Pro,BeatSaber,PopStars-Easy,False,False,0.0
12/5/2023 10:36:25 PM,289189760.0,525000000.0,26.864,208.985,18.14,1.215,27.78,31.736,7.191,7.178,2004616448.0,1011864512.0,1778325376.0,91061592.0,7121879.5,78.873,15.804,39.188,42.716,21.976,69.712,86.923,0.0,0.0,1.515,3984422.25,410493568.0,0.473,22.854,100.068,2.956,98.485,1456984064.0,60323749888.0,29722365952.0,53425270784.0,3888745984.0,0.313,1.711,0.589,35.862,2.471,4222167.5,3.788,0.744,0.944,7796223.5,373.828,0.195,99.783,0.002,0.029,Quest-Pro,BeatSaber,PopStars-Easy,False,False,0.0
12/5/2023 10:36:26 PM,278666272.0,525000000.0,26.322,199.06,19.396,1.219,28.105,31.739,7.021,6.96,1827116928.0,945124544.0,1618379008.0,85598152.0,3727668.75,79.515,15.809,39.588,43.141,22.353,70.309,86.496,0.0,0.0,1.538,3787814.5,390284000.0,0.465,22.598,100.139,2.898,98.462,1346743296.0,57428631552.0,28805629952.0,49799221248.0,3723390208.0,0.314,1.723,0.574,36.848,2.555,4056913.25,4.494,0.72,0.934,7386592.0,364.189,0.209,99.792,0.002,0.0,Quest-Pro,BeatSaber,PopStars-Easy,False,False,0.0
12/5/2023 10:36:27 PM,267358864.0,525000000.0,25.941,178.483,4.448,1.255,27.714,31.86,7.022,6.124,1815346048.0,918656384.0,1613955840.0,84824856.0,1439290.5,80.296,15.213,39.78,43.368,22.41,70.868,86.707,0.0,0.0,1.531,3724037.25,383496704.0,0.471,22.778,100.043,2.936,98.469,1335049856.0,56143314944.0,27762507776.0,49496469504.0,3632572160.0,0.315,1.721,0.576,36.369,2.516,3957087.25,4.003,0.723,0.941,7281331.5,366.869,0.211,99.791,0.002,0.0,Quest-Pro,BeatSaber,PopStars-Easy,False,False,0.0
12/5/2023 10:36:28 PM,285805280.0,525000000.0,26.927,198.822,3.563,1.252,28.529,31.941,6.961,7.36,1931929728.0,975024192.0,1717762560.0,90675048.0,1478601.625,80.651,16.413,39.074,42.605,22.013,71.414,86.815,0.0,0.0,1.533,3976396.0,409662048.0,0.475,22.803,100.068,2.955,98.467,1422490624.0,59643015168.0,29255989248.0,53055635456.0,3859206912.0,0.317,1.723,0.574,36.264,2.509,4206473.0,3.793,0.781,0.945,7772420.5,366.302,0.198,99.794,0.002,0.012,Quest-Pro,BeatSaber,PopStars-Easy,False,False,0.0
12/5/2023 10:36:29 PM,270645632.0,525000000.0,25.685,179.196,28.34,1.24,27.508,32.015,6.684,6.028,1914351488.0,957358144.0,1692357888.0,88297024.0,7064628.5,79.569,15.039,39.843,43.454,22.539,70.134,86.543,0.0,0.0,1.518,3829730.0,397983520.0,0.483,23.056,100.949,2.97,98.482,1391742592.0,59026055168.0,28832921600.0,52712927232.0,3836669440.0,0.32,1.733,0.557,36.642,2.547,4081849.0,3.91,0.766,0.938,7495197.0,370.129,0.23,99.736,0.002,0.044,Quest-Pro,BeatSaber,PopStars-Easy,False,False,0.0
12/5/2023 10:36:30 PM,267440880.0,525000000.0,26.26,194.103,16.55,1.225,27.862,31.861,7.016,6.568,1855002112.0,949324032.0,1642191744.0,85823816.0,5966663.0,79.216,15.477,39.949,43.531,22.555,69.984,86.243,0.0,0.0,1.548,3789017.75,390390016.0,0.465,22.651,100.135,2.897,98.452,1346795392.0,57424732160.0,28800030720.0,49803202560.0,3723101696.0,0.314,1.723,0.575,36.845,2.554,4057755.5,4.5,0.776,0.934,7387028.0,364.128,0.209,99.792,0.002,0.0,Quest-Pro,BeatSaber,PopStars-Easy,False,False,0.0
12/5/2023 10:36:31 PM,281317760.0,525000000.0,26.474,184.199,3.018,1.264,27.824,31.819,7.159,6.598,1944207744.0,988895040.0,1731128960.0,90360272.0,1454160.5,80.399,15.605,39.367,42.916,22.101,71.217,87.068,0.0,0.0,1.527,3967836.5,407978784.0,0.471,22.773,99.873,2.948,98.473,1430853248.0,59488374784.0,29313548288.0,52676337664.0,3836656384.0,0.314,1.714,0.587,35.998,2.482,4196124.5,3.81,0.741,0.946,7747490.5,369.746,0.198,99.804,0.002,0.0,Quest-Pro,BeatSaber,PopStars-Easy,False,False,0.0
12/5/2023 10:36:32 PM,290202464.0,525000000.0,27.325,213.928,2.085,1.216,28.744,31.756,7.184,7.743,1942390144.0,983446016.0,1730967296.0,89979024.0,383359.594,80.411,16.799,38.766,42.259,21.728,71.242,86.957,0.0,0.0,1.523,3956371.0,406349248.0,0.471,22.743,99.764,2.944,98.477,1427739008.0,59317342208.0,29254817792.0,52485582848.0,3819732224.0,0.313,1.712,0.588,35.978,2.476,4189274.25,3.822,0.805,0.944,7732455.0,369.473,0.199,99.798,0.002,0.008,Quest-Pro,BeatSaber,PopStars-Easy,False,False,0.0
12/5/2023 10:36:33 PM,277574432.0,525000000.0,26.197,198.828,9.972,1.205,28.215,31.79,7.03,6.882,1831220992.0,949735808.0,1622624384.0,85471976.0,3723337.5,79.328,15.858,39.408,42.945,22.251,70.289,86.377,0.0,0.0,1.533,3784308.25,389901696.0,0.465,22.586,100.134,2.897,98.467,1345106176.0,57349627904.0,28761389056.0,49740034048.0,3718221056.0,0.314,1.723,0.575,36.843,2.554,4052766.0,4.495,0.773,0.934,7377890.5,364.162,0.209,99.792,0.002,0.0,Quest-Pro,BeatSaber,PopStars-Easy,False,False,0.0
12/5/2023 10:36:34 PM,267012304.0,525000000.0,26.555,183.546,4.451,1.216,28.041,31.927,7.027,6.766,1831073664.0,930086336.0,1627812096.0,84703936.0,2569085.25,80.097,15.812,39.457,43.013,22.227,70.879,86.744,0.0,0.0,1.53,3727914.0,383868416.0,0.471,22.722,100.036,2.935,98.47,1335796352.0,56177983488.0,27780812800.0,49524727808.0,3634808832.0,0.316,1.721,0.578,36.371,2.516,3961295.0,4.018,0.71,0.941,7286916.5,366.982,0.211,99.791,0.002,0.0,Quest-Pro,BeatSaber,PopStars-Easy,False,False,0.0
12/5/2023 10:36:35 PM,275740896.0,525000000.0,26.132,184.08,4.52,1.288,27.974,31.988,6.873,6.318,1954695424.0,978740928.0,1738308992.0,92305208.0,1453219.25,80.755,15.431,39.69,43.3,22.44,71.375,86.894,0.0,0.0,1.53,4007616.5,413853728.0,0.477,23.032,100.302,2.965,98.47,1438113536.0,60466315264.0,29546412032.0,53988409344.0,3925701120.0,0.319,1.728,0.57,36.338,2.523,4240085.0,3.766,0.796,0.945,7842118.0,367.354,0.195,99.815,0.002,0.0,Quest-Pro,BeatSaber,PopStars-Easy,False,False,0.0
12/5/2023 10:36:36 PM,268316256.0,525000000.0,26.378,184.094,12.72,1.223,28.133,31.736,7.032,6.668,1834980608.0,944938624.0,1628721664.0,85529520.0,2576760.25,80.177,15.806,39.841,43.414,22.495,70.828,86.142,0.0,0.0,1.546,3787253.5,390221024.0,0.465,22.584,100.138,2.898,98.454,1346396160.0,57406824448.0,28790839296.0,49788137472.0,3721916416.0,0.314,1.723,0.575,36.844,2.554,4055742.25,4.482,0.74,0.934,7384372.5,364.291,0.209,99.792,0.002,0.0,Quest-Pro,BeatSaber,PopStars-Easy,False,False,0.0
12/5/2023 10:36:37 PM,263861120.0,525000000.0,27.005,173.827,2.226,1.229,28.558,31.887,7.022,7.107,1821105920.0,921908928.0,1621815040.0,84732144.0,311497.719,81.068,16.163,39.499,43.061,22.251,71.667,86.64,0.0,0.0,1.536,3732042.5,384303040.0,0.471,22.704,100.039,2.935,98.464,1337341696.0,56234070016.0,27805104128.0,49581129728.0,3638401536.0,0.315,1.721,0.577,36.367,2.516,3965536.75,4.011,0.776,0.941,7295016.0,366.994,0.211,99.791,0.002,0.0,Quest-Pro,BeatSaber,PopStars-Easy,False,False,0.0
12/5/2023 10:36:38 PM,287964320.0,525000000.0,25.983,186.058,16.388,1.239,28.236,32.035,6.671,6.507,1978339072.0,985147072.0,1753475584.0,92406160.0,4755554.5,80.349,15.841,39.306,42.884,22.233,71.015,86.75,0.0,0.0,1.508,3999514.0,415350944.0,0.484,23.104,100.864,2.987,98.492,1449311360.0,61240025088.0,29718134784.0,55088599040.0,3977590016.0,0.321,1.734,0.556,36.508,2.536,4241682.5,3.699,0.692,0.943,7823673.5,369.673,0.217,99.775,0.002,0.012,Quest-Pro,BeatSaber,PopStars-Easy,False,False,0.0
12/5/2023 10:36:39 PM,270534912.0,525000000.0,28.015,174.09,4.165,1.226,29.704,31.849,7.015,8.582,1834845568.0,922173184.0,1632485760.0,85530712.0,1435056.625,81.041,17.68,38.448,41.916,21.659,71.911,86.649,0.0,0.0,1.529,3737915.75,384914624.0,0.471,22.882,100.041,2.935,98.471,1339368576.0,56318369792.0,27846426624.0,49656205312.0,3643838464.0,0.316,1.721,0.577,36.366,2.516,3971882.5,4.007,0.76,0.941,7306357.5,366.891,0.211,99.791,0.002,0.0,Quest-Pro,BeatSaber,PopStars-Easy,False,False,0.0
12/5/2023 10:36:40 PM,294769376.0,525000000.0,26.159,193.888,3.513,1.239,28.321,31.908,6.763,6.681,1907883776.0,959590720.0,1692347136.0,88185736.0,3715012.75,80.245,16.039,39.24,42.801,22.196,70.956,86.751,0.0,0.0,1.509,3827249.25,397724992.0,0.483,23.042,100.947,2.972,98.491,1397634560.0,59078991872.0,28891871232.0,52700028928.0,3837105920.0,0.319,1.73,0.561,36.53,2.537,4077911.5,3.909,0.841,0.939,7489614.0,371.87,0.229,99.771,0.002,0.003,Quest-Pro,BeatSaber,PopStars-Easy,False,False,0.0
12/5/2023 10:36:41 PM,278594400.0,525000000.0,26.32,179.045,5.895,1.247,27.811,31.87,7.032,6.41,1831490304.0,924080192.0,1628827648.0,85306224.0,1443818.125,80.226,15.466,39.808,43.397,22.425,70.872,86.589,0.0,0.0,1.538,3737851.0,384836608.0,0.471,22.822,100.022,2.935,98.462,1339202816.0,56309731328.0,27841114112.0,49650659328.0,3643286784.0,0.315,1.721,0.577,36.366,2.516,3972230.75,4.014,0.754,0.941,7306405.0,366.874,0.211,99.791,0.002,0.0,Quest-Pro,BeatSaber,PopStars-Easy,False,False,0.0
12/5/2023 10:36:42 PM,283703552.0,525000000.0,25.994,183.893,6.516,1.285,27.233,31.935,7.1,5.808,1955100288.0,985739264.0,1740834944.0,90939744.0,1451743.125,80.622,14.908,40.051,43.664,22.507,71.23,86.878,0.0,0.0,1.539,3981230.0,409762784.0,0.474,22.842,99.971,2.952,98.461,1438435456.0,59919892480.0,29454094336.0,53194858496.0,3868369920.0,0.316,1.717,0.583,36.056,2.488,4216703.0,3.78,0.797,0.944,7796807.0,369.536,0.196,99.805,0.002,0.0,Quest-Pro,BeatSaber,PopStars-Easy,False,False,0.0
12/5/2023 10:36:43 PM,273499840.0,525000000.0,26.032,174.16,11.879,1.26,28.152,32.011,6.825,6.157,1880371072.0,936139904.0,1671166848.0,86737608.0,1435632.375,80.838,15.599,39.622,43.202,22.358,71.373,86.577,0.0,0.0,1.521,3782995.0,391219456.0,0.477,22.928,100.463,2.952,98.479,1369371392.0,57838551040.0,28400781312.0,51374657536.0,3750442240.0,0.319,1.726,0.566,36.519,2.532,4034581.0,3.95,0.798,0.938,7400409.0,368.746,0.234,99.737,0.002,0.039,Quest-Pro,BeatSaber,PopStars-Easy,False,False,0.0
12/5/2023 10:36:44 PM,265928928.0,525000000.0,25.904,183.664,28.111,1.194,27.527,31.931,7.033,6.481,1830769792.0,932836352.0,1617338496.0,84781928.0,8174768.5,78.623,15.39,39.434,42.99,22.214,69.565,86.503,0.0,0.0,1.529,3731146.0,384168032.0,0.471,22.723,100.028,2.934,98.471,1336624896.0,56200794112.0,27787038720.0,49555046400.0,3636235008.0,0.316,1.721,0.578,36.365,2.516,3965411.75,4.015,0.736,0.941,7293063.0,366.833,0.211,99.791,0.002,0.0,Quest-Pro,BeatSaber,PopStars-Easy,False,False,0.0
12/5/2023 10:36:45 PM,274523616.0,525000000.0,27.388,192.574,10.649,1.23,28.29,31.751,7.501,7.525,1871044736.0,954466496.0,1666673152.0,86423384.0,1460009.25,80.229,16.384,38.916,42.393,21.724,71.187,86.879,0.0,0.0,1.547,3856946.5,392811200.0,0.459,22.407,98.934,2.911,98.453,1372843392.0,56541536256.0,28187338752.0,49453535232.0,3627428352.0,0.31,1.7,0.606,35.705,2.448,4072086.5,3.892,0.813,0.947,7540685.0,365.994,0.207,99.796,0.002,0.0,Quest-Pro,BeatSaber,PopStars-Easy,False,False,0.0
12/5/2023 10:36:46 PM,280286432.0,525000000.0,25.936,193.801,12.496,1.265,27.878,31.914,6.896,6.314,1947885184.0,982534080.0,1727505152.0,92309888.0,3713347.5,80.027,15.382,39.616,43.217,22.36,70.765,86.874,0.0,0.0,1.543,4015697.0,415047296.0,0.481,22.987,100.388,2.968,98.457,1434520448.0,60321402880.0,29493755904.0,53834764288.0,3910264832.0,0.319,1.728,0.571,36.331,2.518,4254390.5,3.747,0.808,0.944,7859259.0,366.968,0.196,99.813,0.002,0.0,Quest-Pro,BeatSaber,PopStars-Easy,False,False,0.0
12/5/2023 10:36:47 PM,290345312.0,525000000.0,27.201,194.224,8.926,1.2,28.966,31.781,7.046,7.954,1834760832.0,947912768.0,1625546752.0,85641384.0,3721445.75,79.845,16.862,39.064,42.57,22.057,70.73,86.529,0.0,0.0,1.541,3792980.0,390774016.0,0.465,22.579,100.129,2.896,98.459,1347600512.0,57459859456.0,28817367040.0,49834196992.0,3725393408.0,0.314,1.723,0.576,36.844,2.554,4061925.0,4.496,0.749,0.934,7392712.5,364.25,0.209,99.792,0.002,0.0,Quest-Pro,BeatSaber,PopStars-Easy,False,False,0.0
12/5/2023 10:36:48 PM,277682272.0,525000000.0,26.287,183.952,7.295,1.243,27.813,31.935,7.035,6.459,1843193344.0,929356160.0,1636856832.0,85027064.0,3703704.25,79.724,15.503,39.637,43.211,22.329,70.452,86.643,0.0,0.0,1.539,3737661.0,384923392.0,0.471,22.749,100.051,2.934,98.461,1338721280.0,56292741120.0,27833978880.0,49633177600.0,3642171648.0,0.316,1.721,0.578,36.367,2.516,3972533.0,4.015,0.788,0.941,7305260.5,366.824,0.211,99.791,0.002,0.0,Quest-Pro,BeatSaber,PopStars-Easy,False,False,0.0
12/5/2023 10:36:49 PM,292301920.0,525000000.0,26.715,194.284,2.037,1.27,27.713,31.852,7.41,6.354,1956850560.0,989462656.0,1748311424.0,88872032.0,348156.938,80.771,15.458,39.564,43.115,22.106,71.513,86.931,0.0,0.0,1.52,3892266.25,400657312.0,0.473,22.833,99.985,2.951,98.48,1432703488.0,58881249280.0,29108084736.0,51985416192.0,3780456448.0,0.312,1.703,0.602,35.636,2.445,4123328.25,3.785,0.736,0.944,7621917.0,376.732,0.194,99.807,0.002,0.0,Quest-Pro,BeatSaber,PopStars-Easy,False,False,0.0
12/5/2023 10:36:50 PM,271938720.0,525000000.0,25.846,203.995,20.449,1.209,27.729,31.725,7.049,6.627,1832561792.0,953472768.0,1618086656.0,85431728.0,7106122.5,78.616,15.469,39.53,43.077,22.319,69.602,86.582,0.0,0.0,1.535,3788840.0,390309920.0,0.464,22.548,100.119,2.896,98.465,1346257920.0,57400672256.0,28785319936.0,49787637760.0,3721534208.0,0.314,1.723,0.576,36.842,2.554,4057417.25,4.488,0.721,0.934,7385108.5,364.009,0.21,99.792,0.002,0.001,Quest-Pro,BeatSaber,PopStars-Easy,False,False,0.0
12/5/2023 10:36:51 PM,285171872.0,525000000.0,26.203,179.154,11.776,1.235,28.492,31.943,6.984,7.031,1914888832.0,977635520.0,1701182976.0,89122352.0,2568356.5,80.289,16.264,38.657,42.155,21.783,71.348,87.092,0.0,0.0,1.488,3841556.75,399685760.0,0.485,23.2,101.068,2.975,98.512,1424272512.0,59667369984.0,29252548608.0,53107322880.0,3861160448.0,0.317,1.722,0.575,36.248,2.508,4093049.5,3.885,0.707,0.939,7518639.5,377.547,0.198,99.801,0.002,0.004,Quest-Pro,BeatSaber,PopStars-Easy,False,False,0.0
12/5/2023 10:36:52 PM,289355680.0,525000000.0,27.136,203.989,13.882,1.172,28.448,31.958,7.11,7.668,1919234304.0,960065792.0,1697855104.0,86474088.0,8229289.5,78.912,16.575,38.811,42.299,21.793,69.867,86.626,0.0,0.0,1.509,3769067.5,389196416.0,0.474,22.943,100.316,2.945,98.491,1382900096.0,57698701312.0,28498907136.0,50954760192.0,3722414080.0,0.315,1.714,0.584,36.13,2.492,4020352.0,3.952,0.797,0.937,7370506.0,373.712,0.234,99.754,0.002,0.017,Quest-Pro,BeatSaber,PopStars-Easy,False,False,0.0
12/5/2023 10:36:53 PM,269274272.0,525000000.0,26.882,188.912,13.354,1.248,28.055,31.827,7.179,6.973,1855499136.0,937082944.0,1651196288.0,85750520.0,2583517.75,79.994,15.861,39.485,43.035,22.173,70.759,86.706,0.0,0.0,1.535,3738425.0,384913216.0,0.47,22.938,100.028,2.933,98.465,1352233600.0,56431878144.0,27977496576.0,49628073984.0,3640342528.0,0.314,1.713,0.587,36.126,2.491,3973421.5,4.002,0.757,0.941,7305378.0,370.205,0.21,99.792,0.002,0.0,Quest-Pro,BeatSaber,PopStars-Easy,False,False,0.0
12/5/2023 10:36:54 PM,282134304.0,525000000.0,26.268,194.002,18.586,1.252,27.605,31.742,7.093,6.402,1959629696.0,993307968.0,1742416512.0,91204008.0,3717194.0,80.081,15.409,39.578,43.153,22.262,70.752,86.859,0.0,0.0,1.531,3985762.0,410673664.0,0.475,22.882,100.079,2.956,98.469,1440732416.0,60009619456.0,29483683840.0,53302214656.0,3874828800.0,0.314,1.717,0.582,36.047,2.488,4218047.0,3.767,0.738,0.945,7795291.0,369.924,0.196,99.828,0.002,0.0,Quest-Pro,BeatSaber,PopStars-Easy,False,False,0.0
12/5/2023 10:36:55 PM,283403968.0,525000000.0,26.678,189.163,2.115,1.238,29.004,31.795,7.032,7.426,1819224192.0,938777408.0,1616090624.0,85768864.0,338979.656,80.535,16.586,39.058,42.563,22.053,71.415,86.571,0.0,0.0,1.529,3790602.75,390540256.0,0.464,22.627,100.132,2.896,98.471,1346866816.0,57416384512.0,28788428800.0,49811042304.0,3722433536.0,0.314,1.723,0.574,36.835,2.554,4059462.75,4.461,0.743,0.934,7388866.5,363.895,0.209,99.792,0.002,0.0,Quest-Pro,BeatSaber,PopStars-Easy,False,False,0.0
12/5/2023 10:36:56 PM,281216384.0,525000000.0,26.29,199.039,15.851,1.263,28.065,31.971,7.042,6.788,1871378816.0,941922048.0,1660598272.0,88918440.0,2603746.0,80.035,15.916,39.324,42.879,22.151,70.798,86.758,0.0,0.0,1.561,3930936.75,402157152.0,0.467,22.62,99.378,2.928,98.439,1378601600.0,57833058304.0,28494868480.0,51194232832.0,3741074432.0,0.317,1.721,0.578,36.279,2.509,4152805.5,3.821,0.78,0.947,7697487.5,360.138,0.205,99.821,0.002,0.0,Quest-Pro,BeatSaber,PopStars-Easy,False,False,0.0
12/5/2023 10:36:57 PM,274456448.0,525000000.0,26.257,189.172,2.153,1.247,27.902,31.962,7.008,6.297,1875073024.0,935136000.0,1668227584.0,86091192.0,1463039.25,80.533,15.617,39.777,43.367,22.414,71.1,86.473,0.0,0.0,1.537,3787748.5,391323872.0,0.47,22.729,100.392,2.921,98.463,1364924288.0,57456582656.0,28405432320.0,50667458560.0,3717421312.0,0.316,1.721,0.576,36.403,2.518,4052012.5,4.415,0.776,0.935,7394011.0,367.824,0.236,99.768,0.002,0.0,Quest-Pro,BeatSaber,PopStars-Easy,False,False,0.0
12/5/2023 10:36:58 PM,257019888.0,525000000.0,26.3,192.882,11.323,1.24,27.518,31.929,7.036,6.385,1839951488.0,927547328.0,1631090560.0,84712272.0,5929127.5,79.299,15.212,39.871,43.465,22.459,70.043,86.599,0.0,0.0,1.542,3718286.75,382820800.0,0.47,22.783,100.023,2.934,98.458,1331559168.0,55974359040.0,27667228672.0,49371377664.0,3621442304.0,0.316,1.72,0.579,36.356,2.515,3951406.5,3.995,0.772,0.941,7266234.0,366.511,0.211,99.791,0.002,0.0,Quest-Pro,BeatSaber,PopStars-Easy,False,False,0.0
12/5/2023 10:36:59 PM,263534368.0,525000000.0,26.211,198.366,22.731,1.223,27.448,31.861,7.125,6.38,1841837440.0,935213440.0,1633494528.0,84704992.0,5954143.5,79.207,15.271,39.797,43.385,22.38,69.96,86.554,0.0,0.0,1.534,3728361.75,383847808.0,0.47,22.719,100.02,2.934,98.466,1341971584.0,56227958784.0,27842600960.0,49506738176.0,3631986176.0,0.314,1.718,0.583,36.223,2.501,3961907.5,3.992,0.735,0.941,7285782.0,368.471,0.21,99.817,0.002,0.0,Quest-Pro,BeatSaber,PopStars-Easy,False,False,0.0
12/5/2023 10:37:00 PM,276746816.0,525000000.0,27.496,197.274,2.668,1.212,28.571,31.795,7.34,7.374,2004879744.0,1008807488.0,1787667328.0,92995680.0,1467083.625,80.721,16.425,39.141,42.667,21.934,71.536,86.794,0.0,0.0,1.55,4107353.0,419349792.0,0.465,22.641,99.16,2.937,98.45,1462805888.0,60255768576.0,29709805568.0,53332500480.0,3879713280.0,0.313,1.708,0.599,35.682,2.456,4321010.0,3.639,0.773,0.951,8035285.5,366.076,0.193,99.818,0.002,0.0,Quest-Pro,BeatSaber,PopStars-Easy,False,False,0.0
12/5/2023 10:37:01 PM,284270144.0,525000000.0,26.474,199.181,7.18,1.241,28.312,31.782,7.032,6.896,1843723264.0,945544512.0,1638234624.0,85932312.0,1481272.875,79.984,15.821,39.557,43.103,22.334,70.839,86.582,0.0,0.0,1.537,3791828.0,390629664.0,0.464,22.663,100.123,2.896,98.463,1347254784.0,57437913088.0,28800671744.0,49826758656.0,3723858944.0,0.314,1.723,0.576,36.838,2.554,4060503.75,4.46,0.736,0.934,7390828.5,363.909,0.209,99.792,0.002,0.0,Quest-Pro,BeatSaber,PopStars-Easy,False,False,0.0
12/5/2023 10:37:02 PM,287135840.0,525000000.0,27.428,194.131,2.36,1.243,28.984,31.99,7.0,7.952,1916732672.0,961421952.0,1706262528.0,90760840.0,347883.031,80.585,16.922,38.733,42.246,21.832,71.459,86.901,0.0,0.0,1.545,3965343.0,407080288.0,0.471,22.889,99.717,2.943,98.455,1400872064.0,58758877184.0,28871215104.0,52167622656.0,3803851520.0,0.318,1.723,0.578,36.254,2.509,4185577.25,3.815,0.804,0.947,7764042.0,362.635,0.201,99.811,0.002,0.0,Quest-Pro,BeatSaber,PopStars-Easy,False,False,0.0
12/5/2023 10:37:03 PM,285012832.0,525000000.0,26.434,199.143,5.7,1.232,28.04,31.909,6.918,6.847,1926713344.0,967805824.0,1711475200.0,90454328.0,2605111.25,80.326,15.87,39.383,42.948,22.195,70.855,86.901,0.0,0.0,1.54,3982146.5,409933312.0,0.473,22.715,99.991,2.952,98.46,1417168000.0,59555508224.0,29175085056.0,53052362752.0,3854240000.0,0.317,1.724,0.571,36.342,2.515,4213421.5,3.788,0.816,0.945,7786677.0,364.381,0.199,99.814,0.002,0.0,Quest-Pro,BeatSaber,PopStars-Easy,False,False,0.0
12/5/2023 10:37:04 PM,271463744.0,525000000.0,26.366,189.032,14.476,1.251,27.976,31.78,7.185,6.473,1879118848.0,947670528.0,1669870848.0,85772656.0,2585163.25,79.86,15.801,39.474,43.021,22.189,70.63,86.386,0.0,0.0,1.531,3775379.0,388858208.0,0.466,22.719,100.092,2.906,98.469,1359549312.0,57059160064.0,28438767616.0,49872003072.0,3684390400.0,0.314,1.714,0.587,36.328,2.508,4027697.0,4.49,0.796,0.937,7365078.5,368.993,0.238,99.749,0.002,0.02,Quest-Pro,BeatSaber,PopStars-Easy,False,False,0.0
12/5/2023 10:37:05 PM,267934816.0,525000000.0,26.59,178.842,4.085,1.244,28.442,31.884,7.046,6.763,1826349440.0,921208960.0,1624528256.0,85173392.0,1442183.375,80.712,16.109,39.459,43.02,22.229,71.346,86.645,0.0,0.0,1.543,3734453.25,384521632.0,0.471,22.807,100.032,2.934,98.457,1337455104.0,56225751040.0,27791568896.0,49592848384.0,3637758208.0,0.315,1.721,0.578,36.356,2.515,3968567.75,4.008,0.774,0.941,7298430.5,366.616,0.211,99.791,0.002,0.0,Quest-Pro,BeatSaber,PopStars-Easy,False,False,0.0
12/5/2023 10:37:06 PM,281200832.0,525000000.0,26.989,189.049,7.925,1.25,28.669,31.904,7.125,7.278,1939300992.0,986217536.0,1727912576.0,90891728.0,1462082.375,80.835,16.341,39.103,42.642,22.029,71.696,86.943,0.0,0.0,1.533,3985722.75,410217216.0,0.473,22.804,99.97,2.952,98.467,1435077120.0,59764609024.0,29386160128.0,53025628160.0,3865634304.0,0.316,1.719,0.585,36.025,2.491,4213367.0,3.78,0.82,0.946,7803610.0,368.856,0.197,99.822,0.002,0.0,Quest-Pro,BeatSaber,PopStars-Easy,False,False,0.0
12/5/2023 10:37:07 PM,273088736.0,525000000.0,26.548,179.194,10.653,1.263,28.803,31.994,6.728,6.94,1911820544.0,942615424.0,1700315008.0,88600112.0,1445024.125,81.044,16.374,39.152,42.701,22.12,71.533,86.618,0.0,0.0,1.51,3824876.0,397132512.0,0.483,23.164,100.862,2.967,98.49,1388967040.0,58861531136.0,28768708608.0,52547731456.0,3818955520.0,0.32,1.731,0.559,36.616,2.541,4077032.5,3.891,0.738,0.938,7484992.5,369.849,0.231,99.761,0.002,0.013,Quest-Pro,BeatSaber,PopStars-Easy,False,False,0.0
12/5/2023 10:37:08 PM,277145376.0,525000000.0,26.293,187.639,17.312,1.258,28.01,31.918,6.953,6.73,1879100800.0,947023296.0,1666324224.0,88021904.0,4681626.0,79.931,15.835,39.308,42.868,22.156,70.693,86.928,0.0,0.0,1.532,3854839.75,396688480.0,0.473,22.834,99.955,2.952,98.468,1378883200.0,57824346112.0,28334622720.0,51492761600.0,3743341568.0,0.318,1.724,0.574,36.262,2.51,4082518.25,3.765,0.686,0.944,7547405.5,365.946,0.198,99.804,0.002,0.0,Quest-Pro,BeatSaber,PopStars-Easy,False,False,0.0
12/5/2023 10:37:09 PM,273549088.0,525000000.0,26.456,184.258,18.286,1.227,28.295,31.811,7.043,6.919,1829021952.0,946370112.0,1622320256.0,85668632.0,2579050.0,80.004,15.942,39.64,43.201,22.38,70.756,86.525,0.0,0.0,1.542,3791276.25,390611072.0,0.464,22.596,100.132,2.897,98.458,1346970240.0,57404583936.0,28772694016.0,49821491200.0,3721143040.0,0.314,1.723,0.575,36.821,2.552,4060332.25,4.495,0.8,0.934,7391233.5,363.563,0.209,99.792,0.002,0.0,Quest-Pro,BeatSaber,PopStars-Easy,False,False,0.0
12/5/2023 10:37:10 PM,277117024.0,525000000.0,27.008,189.157,7.528,1.221,28.28,31.871,7.24,7.221,1902311552.0,960598784.0,1690199808.0,88379776.0,3717189.5,79.934,16.38,39.008,42.525,21.88,70.813,86.633,0.0,0.0,1.546,3911523.25,399327776.0,0.463,22.595,99.169,2.921,98.454,1382492416.0,57450594304.0,28437407744.0,50623090688.0,3701642496.0,0.314,1.711,0.591,35.971,2.477,4131512.5,3.899,0.705,0.947,7656399.0,363.357,0.205,99.801,0.002,0.0,Quest-Pro,BeatSaber,PopStars-Easy,False,False,0.0
12/5/2023 10:37:11 PM,274293408.0,525000000.0,26.445,179.205,5.112,1.25,28.476,32.013,6.737,6.744,1906376832.0,949076096.0,1695954944.0,88057792.0,1445105.875,80.897,16.028,39.333,42.902,22.247,71.411,86.738,0.0,0.0,1.51,3821249.25,396754752.0,0.482,23.044,100.861,2.968,98.49,1387472640.0,58773233664.0,28714696704.0,52483317760.0,3816879360.0,0.32,1.732,0.56,36.595,2.542,4073360.25,3.958,0.805,0.938,7479780.5,369.806,0.231,99.761,0.002,0.013,Quest-Pro,BeatSaber,PopStars-Easy,False,False,0.0
12/5/2023 10:37:12 PM,277620192.0,525000000.0,25.834,179.105,12.709,1.225,27.579,31.854,7.042,6.014,1841359616.0,944357184.0,1634839296.0,85494032.0,2567648.5,79.748,14.985,40.144,43.752,22.667,70.364,86.378,0.0,0.0,1.541,3787243.75,390133184.0,0.465,22.574,100.115,2.897,98.459,1345631488.0,57334353920.0,28729133056.0,49776865280.0,3716786176.0,0.314,1.723,0.577,36.813,2.552,4055523.0,4.514,0.775,0.934,7383253.0,363.869,0.209,99.792,0.002,0.0,Quest-Pro,BeatSaber,PopStars-Easy,False,False,0.0
12/5/2023 10:37:13 PM,276074784.0,525000000.0,26.476,174.218,2.205,1.24,28.832,31.842,7.055,6.878,1825942784.0,942833344.0,1624600448.0,85189784.0,312198.688,80.824,16.171,39.321,42.849,22.191,71.544,86.53,0.0,0.0,1.521,3758728.75,387204448.0,0.468,22.665,100.094,2.921,98.479,1345567616.0,57209331712.0,28608415744.0,49786175488.0,3707826688.0,0.314,1.723,0.577,36.745,2.547,4014610.25,4.037,0.76,0.936,7338272.0,365.878,0.209,99.789,0.002,0.003,Quest-Pro,BeatSaber,PopStars-Easy,False,False,0.0
12/5/2023 10:37:14 PM,276239520.0,525000000.0,26.642,194.065,4.18,1.236,27.706,31.808,7.277,6.466,1889904896.0,957711616.0,1682422784.0,87847864.0,1471312.375,80.342,15.539,39.638,43.208,22.237,71.032,86.658,0.0,0.0,1.554,3900311.5,397804864.0,0.463,22.523,99.076,2.917,98.446,1377968640.0,57240379392.0,28365580288.0,50371416064.0,3689093120.0,0.313,1.711,0.594,35.957,2.477,4122342.0,3.902,0.745,0.946,7635866.5,362.913,0.206,99.805,0.002,0.0,Quest-Pro,BeatSaber,PopStars-Easy,False,False,0.0
12/5/2023 10:37:15 PM,280535232.0,525000000.0,26.194,189.125,6.559,1.253,27.808,31.894,6.977,6.255,1966400768.0,978396096.0,1748602240.0,91114640.0,2586439.0,80.192,15.536,39.523,43.101,22.267,70.783,86.641,0.0,0.0,1.539,3979487.0,409666016.0,0.473,22.896,99.991,2.953,98.461,1424243712.0,59633172480.0,29234694144.0,53079261184.0,3858845184.0,0.317,1.722,0.576,36.208,2.505,4210996.5,3.818,0.829,0.945,7782102.0,366.27,0.226,99.775,0.002,0.0,Quest-Pro,BeatSaber,PopStars-Easy,False,False,0.0
12/5/2023 10:37:16 PM,271072928.0,525000000.0,26.362,184.156,10.593,1.209,28.232,31.877,7.04,6.636,1841012864.0,946928320.0,1634762496.0,85366080.0,2577632.5,80.086,15.786,39.758,43.328,22.445,70.805,86.203,0.0,0.0,1.545,3789680.5,390456032.0,0.465,22.526,100.134,2.897,98.455,1346161664.0,57339289600.0,28724424704.0,49795760128.0,3716986112.0,0.314,1.723,0.577,36.805,2.551,4058917.25,4.526,0.786,0.934,7388236.5,363.901,0.209,99.792,0.002,0.0,Quest-Pro,BeatSaber,PopStars-Easy,False,False,0.0
12/5/2023 10:37:17 PM,278030816.0,525000000.0,26.67,193.898,31.92,1.22,27.881,31.939,7.127,6.833,1965772928.0,989615552.0,1742789760.0,91180480.0,7082930.5,79.205,15.547,39.311,42.865,22.095,70.213,86.843,0.0,0.0,1.539,3971838.5,408286400.0,0.472,22.957,99.849,2.947,98.461,1417700608.0,59082858496.0,29062414336.0,52411080704.0,3814903040.0,0.316,1.717,0.587,36.05,2.488,4191698.5,3.872,0.763,0.948,7775294.0,366.8,0.199,99.811,0.002,0.0,Quest-Pro,BeatSaber,PopStars-Easy,False,False,0.0
12/5/2023 10:37:18 PM,282343520.0,525000000.0,27.692,199.384,10.408,1.189,28.712,31.716,7.418,7.759,1980490880.0,997427776.0,1765179136.0,88520608.0,3651387.0,80.111,16.793,38.549,42.011,21.528,71.074,86.893,0.0,0.0,1.505,3888595.25,400314176.0,0.473,22.764,99.993,2.953,98.495,1432033664.0,58744053760.0,29043208192.0,51862228992.0,3769733120.0,0.311,1.701,0.603,35.569,2.439,4114871.25,3.812,0.75,0.945,7604281.0,376.86,0.223,99.779,0.002,0.0,Quest-Pro,BeatSaber,PopStars-Easy,False,False,0.0
12/5/2023 10:37:19 PM,262691856.0,525000000.0,26.611,184.059,16.262,1.248,28.175,31.875,7.034,6.87,1835506816.0,926952960.0,1629752960.0,85008320.0,3699488.25,79.967,15.874,39.476,43.039,22.236,70.685,86.563,0.0,0.0,1.538,3738956.5,384961568.0,0.471,22.736,100.025,2.934,98.462,1339088128.0,56275681280.0,27806517248.0,49656778752.0,3640774656.0,0.315,1.72,0.578,36.344,2.514,3973318.5,4.05,0.765,0.941,7307753.0,366.699,0.211,99.791,0.002,0.0,Quest-Pro,BeatSaber,PopStars-Easy,False,False,0.0
12/5/2023 10:37:20 PM,268454720.0,525000000.0,26.933,144.359,6.779,1.249,28.285,31.953,6.956,6.693,1972030976.0,981235072.0,1753400960.0,91360712.0,2506638.0,81.106,15.785,39.587,43.165,22.29,71.568,86.712,0.0,0.0,1.542,3980618.0,409879520.0,0.474,22.951,100.016,2.953,98.458,1425620352.0,59682557952.0,29253013504.0,53135720448.0,3861687552.0,0.317,1.721,0.575,36.215,2.505,4214291.5,3.797,0.824,0.945,7785137.5,366.6,0.226,99.753,0.001,0.027,Quest-Pro,BeatSaber,PopStars-Easy,False,False,0.0
12/5/2023 10:37:21 PM,255388912.0,525000000.0,26.561,149.203,3.78,1.241,28.108,31.878,7.018,6.561,1833502080.0,926618752.0,1628152832.0,85182608.0,3636250.75,80.571,15.638,39.719,43.302,22.374,71.154,86.719,0.0,0.0,1.542,3737509.75,384848480.0,0.471,22.791,100.035,2.935,98.458,1338766208.0,56260927488.0,27798427648.0,49645342720.0,3639825408.0,0.316,1.72,0.577,36.343,2.514,3971569.0,4.043,0.759,0.941,7305425.5,366.753,0.21,99.791,0.001,0.0,Quest-Pro,BeatSaber,PopStars-Easy,False,False,0.0
12/5/2023 10:37:22 PM,291335872.0,525000000.0,26.545,184.154,4.912,1.189,28.471,31.769,7.397,7.172,1904642304.0,970525568.0,1695334016.0,85684920.0,2577603.25,79.69,16.791,38.297,41.726,21.391,70.854,86.745,0.0,0.0,1.486,3760351.75,387885952.0,0.473,22.786,100.21,2.942,98.514,1398778880.0,57675571200.0,28643100672.0,50661945344.0,3701498112.0,0.311,1.702,0.6,35.757,2.452,4010045.0,4.032,0.863,0.938,7349330.5,379.179,0.233,99.759,0.002,0.013,Quest-Pro,BeatSaber,PopStars-Easy,False,False,0.0
12/5/2023 10:37:23 PM,271583712.0,525000000.0,26.281,199.043,25.589,1.171,28.229,31.809,7.042,7.273,1827600128.0,945783872.0,1617182208.0,85294920.0,4850920.0,78.941,16.138,39.077,42.59,22.064,70.014,86.668,0.0,0.0,1.531,3788925.5,390282048.0,0.464,22.512,100.11,2.896,98.469,1345964288.0,57350172672.0,28738807808.0,49787023360.0,3717852160.0,0.314,1.723,0.575,36.815,2.552,4057673.5,4.55,0.812,0.934,7385754.5,363.902,0.21,99.792,0.002,0.0,Quest-Pro,BeatSaber,PopStars-Easy,False,False,0.0
12/5/2023 10:37:24 PM,273127296.0,525000000.0,26.535,213.897,13.872,1.225,27.859,31.841,7.142,6.983,1851294336.0,937835328.0,1643814784.0,85329392.0,4875983.5,79.027,15.853,39.279,42.82,22.073,70.036,86.875,0.0,0.0,1.529,3739243.5,384941696.0,0.471,22.82,100.012,2.934,98.471,1347508352.0,56404045824.0,27935401984.0,49655373824.0,3640957696.0,0.314,1.718,0.585,36.159,2.495,3973466.0,4.064,0.838,0.941,7307737.0,368.897,0.21,99.822,0.002,0.0,Quest-Pro,BeatSaber,PopStars-Easy,False,False,0.0
12/5/2023 10:37:25 PM,277659936.0,525000000.0,26.501,198.314,12.895,1.237,27.831,31.948,6.964,6.635,1956785920.0,979112000.0,1737632000.0,90891872.0,3713705.75,80.016,15.755,39.437,43.008,22.219,70.576,86.747,0.0,0.0,1.531,3965267.0,408225984.0,0.473,22.922,99.998,2.952,98.469,1418743168.0,59408949248.0,29127671808.0,52874072064.0,3844243456.0,0.317,1.722,0.576,36.21,2.505,4196392.0,3.847,0.709,0.945,7753469.5,366.444,0.226,99.775,0.002,0.0,Quest-Pro,BeatSaber,PopStars-Easy,False,False,0.0
12/5/2023 10:37:26 PM,268012144.0,525000000.0,25.812,198.895,27.555,1.197,27.316,31.845,7.051,6.317,1850221184.0,955096640.0,1631867264.0,85531848.0,9338199.0,78.194,15.05,39.979,43.572,22.572,69.085,86.343,0.0,0.0,1.542,3786065.75,390016064.0,0.464,22.591,100.117,2.896,98.458,1344997760.0,57319043072.0,28728444928.0,49749606400.0,3715797248.0,0.314,1.723,0.576,36.82,2.552,4054663.5,4.539,0.732,0.934,7380356.5,363.933,0.21,99.792,0.002,0.0,Quest-Pro,BeatSaber,PopStars-Easy,False,False,0.0
12/5/2023 10:37:27 PM,267718256.0,525000000.0,26.078,188.806,18.381,1.238,27.765,31.834,7.049,6.342,1833742976.0,945274432.0,1625240832.0,85780592.0,3703930.75,79.637,15.313,40.085,43.687,22.633,70.279,86.353,0.0,0.0,1.548,3783308.5,389736000.0,0.465,22.673,100.118,2.897,98.452,1344006272.0,57273716736.0,28704067584.0,49713356800.0,3712970752.0,0.314,1.723,0.576,36.819,2.552,4051631.25,4.539,0.765,0.934,7374939.5,364.085,0.209,99.792,0.002,0.0,Quest-Pro,BeatSaber,PopStars-Easy,False,False,0.0
12/5/2023 10:37:28 PM,262862304.0,525000000.0,26.294,173.891,3.158,1.235,27.692,31.836,7.04,6.139,1844871296.0,929211776.0,1641479808.0,84849904.0,2555223.75,80.35,15.326,39.898,43.499,22.475,70.888,86.481,0.0,0.0,1.534,3734244.5,384478144.0,0.47,22.722,100.026,2.934,98.466,1337352960.0,56211603456.0,27777859584.0,49594290176.0,3636598016.0,0.315,1.721,0.579,36.346,2.514,3968113.0,4.065,0.759,0.941,7298076.0,366.614,0.211,99.791,0.002,0.0,Quest-Pro,BeatSaber,PopStars-Easy,False,False,0.0
12/5/2023 10:37:29 PM,277985472.0,525000000.0,26.415,183.998,4.348,1.264,28.425,31.887,6.787,6.831,1922616448.0,970874304.0,1712288128.0,91923944.0,1452568.0,80.851,15.997,39.312,42.935,22.296,71.45,86.941,0.0,0.0,1.536,3993149.75,411900576.0,0.475,23.02,100.193,2.959,98.464,1415941888.0,59839356928.0,29200332800.0,53502238720.0,3887905536.0,0.319,1.735,0.564,36.47,2.534,4222769.0,3.807,0.826,0.946,7802252.0,363.023,0.198,99.806,0.002,0.0,Quest-Pro,BeatSaber,PopStars-Easy,False,False,0.0
12/5/2023 10:37:30 PM,287531328.0,525000000.0,26.878,181.409,2.118,1.224,28.74,31.862,7.043,7.304,1812168448.0,930251776.0,1612674304.0,84169800.0,325085.344,80.519,16.213,39.33,42.862,22.207,71.296,86.534,0.0,0.0,1.53,3732627.25,384568000.0,0.465,22.55,100.132,2.897,98.47,1326289920.0,56532525056.0,28339025920.0,49057079296.0,3664958720.0,0.314,1.723,0.577,36.827,2.553,3996984.75,4.525,0.756,0.934,7276304.5,363.932,0.209,99.792,0.002,0.0,Quest-Pro,BeatSaber,PopStars-Easy,False,False,0.0
12/5/2023 10:37:31 PM,288693600.0,525000000.0,26.854,198.826,11.841,1.254,28.593,31.958,6.982,7.307,1941818752.0,975819392.0,1725769856.0,91385568.0,2600963.5,80.322,16.373,39.042,42.587,22.02,71.153,86.87,0.0,0.0,1.533,3982039.5,409820384.0,0.473,22.949,99.965,2.952,98.467,1421940096.0,59635126272.0,29227259904.0,53090226176.0,3862752256.0,0.318,1.725,0.577,36.245,2.51,4214000.0,3.818,0.817,0.945,7797363.0,365.456,0.198,99.814,0.002,0.0,Quest-Pro,BeatSaber,PopStars-Easy,False,False,0.0
12/5/2023 10:37:32 PM,285482720.0,525000000.0,26.262,188.988,2.337,1.262,28.081,31.908,6.821,6.444,1940277632.0,960602240.0,1724901248.0,91094696.0,1461609.75,80.554,15.768,39.549,43.137,22.346,71.073,86.633,0.0,0.0,1.545,3977511.25,409463456.0,0.473,22.902,99.992,2.952,98.455,1409407360.0,59417432064.0,29041467392.0,53040775168.0,3855577600.0,0.319,1.729,0.566,36.425,2.528,4209787.0,3.825,0.689,0.945,7778428.5,362.962,0.227,99.774,0.002,0.0,Quest-Pro,BeatSaber,PopStars-Easy,False,False,0.0
12/5/2023 10:37:33 PM,273179456.0,525000000.0,25.886,179.21,12.036,1.238,27.924,31.801,7.052,6.204,1817065088.0,937548992.0,1613239680.0,85079440.0,1445145.5,80.418,15.418,39.996,43.59,22.581,71.005,86.424,0.0,0.0,1.545,3790022.5,390485568.0,0.465,22.448,100.133,2.897,98.455,1346444160.0,57359450112.0,28738238464.0,49805643776.0,3718389504.0,0.314,1.723,0.576,36.809,2.552,4058757.0,4.531,0.793,0.934,7388490.0,364.023,0.209,99.792,0.002,0.0,Quest-Pro,BeatSaber,PopStars-Easy,False,False,0.0
12/5/2023 10:37:34 PM,282135808.0,525000000.0,26.298,188.781,2.074,1.277,27.984,31.938,7.006,6.493,1920261632.0,972331392.0,1711057792.0,91079264.0,338296.219,80.803,15.579,39.514,43.099,22.3,71.59,87.067,0.0,0.0,1.538,3979948.5,409641792.0,0.473,22.885,99.975,2.952,98.462,1417665152.0,59409186816.0,29128652800.0,52864548864.0,3848260096.0,0.317,1.724,0.578,36.217,2.508,4204270.5,3.843,0.841,0.947,7791911.5,365.167,0.198,99.834,0.002,0.0,Quest-Pro,BeatSaber,PopStars-Easy,False,False,0.0
12/5/2023 10:37:35 PM,282002080.0,525000000.0,26.757,209.06,8.07,1.215,28.145,31.794,7.078,7.135,1982483328.0,992385152.0,1761798144.0,91064368.0,4870256.5,79.624,15.901,39.013,42.538,21.929,70.453,86.927,0.0,0.0,1.516,3982110.75,409974944.0,0.473,22.868,100.002,2.953,98.484,1440922368.0,59991298048.0,29471555584.0,53292785664.0,3873351168.0,0.315,1.716,0.582,36.03,2.487,4219393.5,3.836,0.8,0.944,7787168.0,370.191,0.197,99.802,0.002,0.005,Quest-Pro,BeatSaber,PopStars-Easy,False,False,0.0
12/5/2023 10:37:36 PM,275736384.0,525000000.0,26.174,209.033,21.227,1.204,27.812,31.804,7.027,6.69,1843078656.0,950483584.0,1632240000.0,85544568.0,4869623.0,79.099,15.58,39.697,43.26,22.411,69.968,86.475,0.0,0.0,1.538,3788984.0,390306304.0,0.465,22.577,100.114,2.897,98.462,1346256768.0,57362628608.0,28745805824.0,49796251648.0,3718696192.0,0.314,1.723,0.575,36.817,2.552,4057401.75,4.51,0.695,0.934,7386484.5,364.108,0.21,99.792,0.002,0.001,Quest-Pro,BeatSaber,PopStars-Easy,False,False,0.0
12/5/2023 10:37:37 PM,267286704.0,525000000.0,26.892,139.021,2.088,1.304,28.388,31.962,7.032,6.795,1921116672.0,963798592.0,1711151360.0,91446704.0,249125.094,81.701,15.864,39.48,43.054,22.23,72.324,86.972,0.0,0.0,1.547,3965754.25,407762400.0,0.473,23.059,99.872,2.949,98.453,1409721856.0,58979287040.0,28982970368.0,52366782464.0,3812923648.0,0.317,1.721,0.58,36.177,2.5,4183550.0,3.813,0.799,0.948,7763889.0,365.133,0.199,99.82,0.001,0.0,Quest-Pro,BeatSaber,PopStars-Easy,False,False,0.0
12/5/2023 10:37:38 PM,261990512.0,525000000.0,27.214,144.337,8.937,1.222,28.857,31.821,7.033,7.348,1843150592.0,945105536.0,1639661568.0,85804336.0,1382445.75,81.145,16.344,39.479,43.024,22.287,71.812,86.468,0.0,0.0,1.541,3782434.5,389782976.0,0.465,22.685,100.148,2.902,98.459,1345716224.0,57288097792.0,28680239104.0,49788665856.0,3713526528.0,0.314,1.723,0.576,36.787,2.55,4045674.75,4.5,0.747,0.935,7375579.0,364.624,0.209,99.802,0.001,0.0,Quest-Pro,BeatSaber,PopStars-Easy,False,False,0.0
12/5/2023 10:37:39 PM,271450400.0,525000000.0,26.583,208.797,45.161,1.197,27.903,31.882,7.055,7.413,1837207680.0,940159168.0,1620678784.0,85252864.0,9354112.0,78.166,15.988,38.992,42.509,21.964,69.293,86.817,0.0,0.0,1.53,3736245.75,384697152.0,0.471,22.818,100.029,2.935,98.47,1338261504.0,56252305408.0,27799877632.0,49626083328.0,3639385856.0,0.315,1.721,0.579,36.351,2.514,3969183.75,4.04,0.738,0.941,7301327.5,366.847,0.211,99.791,0.002,0.001,Quest-Pro,BeatSaber,PopStars-Easy,False,False,0.0
12/5/2023 10:37:40 PM,285487744.0,525000000.0,26.489,219.016,37.395,1.215,27.844,31.838,6.98,7.273,1972553344.0,1003115072.0,1743767552.0,92006336.0,8259838.0,78.57,15.791,39.002,42.541,21.978,69.648,87.026,0.0,0.0,1.525,4010426.0,414330752.0,0.477,22.942,100.348,2.966,98.475,1443568512.0,60457160704.0,29586118656.0,53916155904.0,3912962048.0,0.316,1.724,0.576,36.204,2.505,4239128.0,3.784,0.806,0.946,7835156.5,368.699,0.196,99.792,0.002,0.022,Quest-Pro,BeatSaber,PopStars-Easy,False,False,0.0
12/5/2023 10:37:41 PM,280442720.0,525000000.0,27.006,198.991,2.665,1.203,28.733,31.902,7.118,7.304,1931069568.0,971489216.0,1718811264.0,87361760.0,2603118.75,80.183,16.499,38.857,42.359,21.84,71.044,86.623,0.0,0.0,1.502,3795372.25,393075680.0,0.478,23.018,100.609,2.958,98.498,1402804224.0,58474594304.0,28820396032.0,51757961216.0,3775219968.0,0.315,1.715,0.584,36.092,2.491,4046359.5,3.957,0.772,0.938,7427194.0,376.506,0.231,99.77,0.002,0.002,Quest-Pro,BeatSaber,PopStars-Easy,False,False,0.0
12/5/2023 10:37:42 PM,272437888.0,525000000.0,27.449,207.939,8.11,1.188,28.789,31.781,7.211,8.023,1841343488.0,938856512.0,1635914880.0,84427376.0,3726275.0,79.661,16.952,38.687,42.168,21.725,70.691,86.819,0.0,0.0,1.524,3720987.25,383172960.0,0.471,22.69,100.041,2.935,98.476,1346493568.0,56180404224.0,27845617664.0,49421553664.0,3624007936.0,0.313,1.713,0.589,36.118,2.49,3953741.0,4.032,0.858,0.941,7272524.0,370.337,0.21,99.792,0.002,0.0,Quest-Pro,BeatSaber,PopStars-Easy,False,False,0.0
12/5/2023 10:37:43 PM,283457728.0,525000000.0,25.944,213.895,46.501,1.198,27.535,31.928,6.928,6.841,1950848128.0,994295680.0,1718750592.0,91708160.0,10503163.0,78.068,15.502,39.229,42.797,22.133,69.129,86.977,0.0,0.0,1.531,3998895.0,412542752.0,0.476,22.933,100.204,2.96,98.469,1432886656.0,60155699200.0,29408731136.0,53698514944.0,3897708032.0,0.318,1.726,0.573,36.285,2.514,4232438.0,3.817,0.751,0.945,7820953.5,366.727,0.197,99.814,0.002,0.0,Quest-Pro,BeatSaber,PopStars-Easy,False,False,0.0
12/5/2023 10:37:44 PM,285000960.0,525000000.0,26.789,209.085,24.79,1.196,27.666,31.85,7.313,7.212,1977728640.0,1002916416.0,1747345664.0,87627552.0,11615110.0,78.231,15.932,38.904,42.392,21.758,69.309,86.928,0.0,0.0,1.49,3809236.5,394884480.0,0.479,23.004,100.705,2.96,98.51,1428889216.0,59016515584.0,29191421952.0,52061270016.0,3794456320.0,0.313,1.705,0.596,35.801,2.46,4062349.25,3.925,0.814,0.938,7453116.5,381.564,0.228,99.741,0.002,0.042,Quest-Pro,BeatSaber,PopStars-Easy,False,False,0.0
12/5/2023 10:37:45 PM,276762784.0,525000000.0,25.711,213.876,30.18,1.187,27.718,31.842,7.038,6.539,1847485568.0,954745920.0,1630235008.0,85844096.0,8244659.5,78.141,15.425,39.389,42.925,22.238,69.26,86.439,0.0,0.0,1.531,3786873.25,390181696.0,0.465,22.669,100.138,2.897,98.469,1345350016.0,57323945984.0,28725104640.0,49765404672.0,3716138496.0,0.314,1.723,0.577,36.815,2.552,4056257.25,4.499,0.766,0.934,7383914.5,363.841,0.21,99.792,0.002,0.001,Quest-Pro,BeatSaber,PopStars-Easy,False,False,0.0
12/5/2023 10:37:46 PM,285212928.0,525000000.0,26.572,218.779,10.669,1.224,28.433,31.921,6.971,7.32,1944963712.0,977288128.0,1726394496.0,91126744.0,4882835.5,79.347,16.238,38.811,42.334,21.921,70.421,86.94,0.0,0.0,1.528,3983284.5,409895168.0,0.473,22.877,99.952,2.952,98.472,1420704256.0,59558125568.0,29187336192.0,53015326720.0,3863127296.0,0.318,1.725,0.577,36.23,2.513,4213012.5,3.808,0.792,0.945,7801748.5,365.266,0.198,99.813,0.002,0.0,Quest-Pro,BeatSaber,PopStars-Easy,False,False,0.0
12/5/2023 10:37:47 PM,267997872.0,525000000.0,26.106,208.917,24.914,1.209,27.79,31.834,7.081,6.713,1839116160.0,940815232.0,1624166528.0,85510512.0,7113195.0,78.758,15.686,39.464,43.008,22.245,69.698,86.622,0.0,0.0,1.541,3774358.5,388715584.0,0.466,22.656,100.082,2.907,98.459,1344842496.0,56759496704.0,28232546304.0,49704849408.0,3674527232.0,0.314,1.719,0.579,36.545,2.53,4022024.25,4.497,0.843,0.938,7365516.5,365.571,0.21,99.778,0.002,0.017,Quest-Pro,BeatSaber,PopStars-Easy,False,False,0.0
12/5/2023 10:37:48 PM,282263616.0,525000000.0,27.189,194.081,10.155,1.235,28.457,31.901,7.208,7.488,1915281536.0,963237952.0,1699671936.0,89269344.0,4842362.0,79.585,16.446,39.009,42.527,21.902,70.45,86.647,0.0,0.0,1.548,3922435.75,400951040.0,0.466,22.759,99.295,2.925,98.452,1388338944.0,57766825984.0,28567607296.0,50950017024.0,3724208384.0,0.314,1.712,0.59,36.019,2.482,4144922.75,3.863,0.79,0.946,7683087.5,363.335,0.204,99.83,0.002,0.0,Quest-Pro,BeatSaber,PopStars-Easy,False,False,0.0
12/5/2023 10:37:49 PM,282825984.0,525000000.0,26.763,209.093,7.391,1.204,28.17,31.882,7.064,7.118,1895115392.0,948219776.0,1684835200.0,85857488.0,3746953.5,79.632,16.195,39.057,42.571,21.956,70.474,86.76,0.0,0.0,1.513,3760395.25,387872800.0,0.473,22.832,100.205,2.942,98.487,1371195008.0,57344557056.0,28314816512.0,50653646848.0,3702920448.0,0.316,1.716,0.58,36.202,2.499,4010102.5,3.993,0.755,0.938,7350807.5,371.49,0.236,99.756,0.002,0.013,Quest-Pro,BeatSaber,PopStars-Easy,False,False,0.0
12/5/2023 10:37:50 PM,282985824.0,525000000.0,26.963,212.766,7.889,1.233,28.297,31.815,7.307,7.189,1873341056.0,944807040.0,1669092992.0,86943912.0,1498503.375,79.927,16.432,38.962,42.467,21.852,70.821,86.612,0.0,0.0,1.551,3866436.5,393886016.0,0.459,22.487,98.961,2.912,98.449,1362443648.0,56515584000.0,28069742592.0,49613262848.0,3639209728.0,0.312,1.709,0.596,35.913,2.472,4084407.25,3.899,0.765,0.947,7562521.5,362.222,0.208,99.829,0.002,0.0,Quest-Pro,BeatSaber,PopStars-Easy,False,False,0.0
12/5/2023 10:37:51 PM,290732608.0,525000000.0,27.019,204.121,2.237,1.211,29.038,31.929,6.957,7.658,1901388928.0,954811264.0,1690477184.0,87257392.0,1489907.25,80.337,16.94,38.638,42.123,21.763,71.183,86.78,0.0,0.0,1.506,3797674.25,393219168.0,0.477,22.977,100.585,2.957,98.494,1389455744.0,58344161280.0,28679739392.0,51774853120.0,3776994560.0,0.317,1.722,0.574,36.319,2.514,4049938.5,3.945,0.791,0.938,7431951.5,372.463,0.232,99.733,0.002,0.046,Quest-Pro,BeatSaber,PopStars-Easy,False,False,0.0
12/5/2023 10:37:52 PM,270838464.0,525000000.0,26.734,184.106,7.418,1.229,28.299,31.827,7.194,6.981,1843857920.0,940131456.0,1639293312.0,85243408.0,2576928.5,80.133,16.137,39.252,42.783,22.042,70.924,86.681,0.0,0.0,1.53,3741384.75,385293408.0,0.471,22.784,100.048,2.934,98.47,1353328768.0,56463785984.0,27986411520.0,49670295552.0,3642228736.0,0.313,1.713,0.588,36.117,2.49,3976453.5,4.02,0.811,0.941,7311610.5,370.309,0.209,99.792,0.002,0.0,Quest-Pro,BeatSaber,PopStars-Easy,False,False,0.0
12/5/2023 10:37:53 PM,295456672.0,525000000.0,34.01,189.112,35.379,1.163,29.215,31.928,6.99,8.502,2472270336.0,1631559424.0,2248649216.0,91940296.0,7081003.5,78.208,17.921,37.42,40.813,21.109,69.691,86.501,0.0,0.0,1.513,4003817.0,413151680.0,0.477,22.963,100.229,2.961,98.487,1434330880.0,59983826944.0,29408049152.0,53382836224.0,3884360448.0,0.317,1.723,0.581,36.155,2.503,4232414.0,3.775,0.788,0.946,7837483.0,367.955,0.197,99.835,0.002,0.0,Quest-Pro,BeatSaber,PopStars-Easy,False,False,0.0
12/5/2023 10:37:54 PM,292909728.0,525000000.0,33.32,213.917,32.923,1.113,28.84,31.886,7.014,8.246,2435735296.0,1580534016.0,2206036736.0,88183832.0,11616098.0,77.34,17.818,37.414,40.786,21.048,68.859,86.318,0.0,0.0,1.484,3819651.0,396626432.0,0.482,23.087,100.872,2.966,98.516,1413784064.0,59048841216.0,29025738752.0,52415049728.0,3815578624.0,0.316,1.718,0.582,36.153,2.498,4072023.75,3.935,0.755,0.938,7474914.0,377.063,0.229,99.763,0.002,0.013,Quest-Pro,BeatSaber,PopStars-Easy,False,False,0.0
12/5/2023 10:37:55 PM,280523456.0,525000000.0,32.587,208.571,36.003,1.156,28.673,31.877,7.013,7.975,2267384320.0,1488523776.0,2048786176.0,85496864.0,10465267.0,76.972,17.46,37.551,40.937,21.151,68.597,86.385,0.0,0.0,1.513,3733920.75,384509216.0,0.47,22.897,100.044,2.933,98.487,1336866048.0,56191070208.0,27769647104.0,49572130816.0,3635358720.0,0.315,1.721,0.581,36.35,2.514,3968295.0,4.022,0.771,0.941,7296743.5,366.64,0.211,99.791,0.002,0.001,Quest-Pro,BeatSaber,PopStars-Easy,False,False,0.0
12/5/2023 10:37:56 PM,297158816.0,525000000.0,32.796,219.058,22.944,1.134,28.748,31.8,7.055,8.128,2457697280.0,1607725824.0,2225646080.0,91170064.0,10509672.0,77.043,17.85,37.167,40.524,20.854,68.626,86.315,0.0,0.0,1.497,3983833.25,410294144.0,0.473,22.885,100.037,2.953,98.503,1443383424.0,60107345920.0,29527429120.0,53410988032.0,3874424320.0,0.315,1.715,0.584,36.044,2.483,4226091.0,3.787,0.807,0.943,7792550.0,370.089,0.197,99.798,0.002,0.01,Quest-Pro,BeatSaber,PopStars-Easy,False,False,0.0
12/5/2023 10:37:57 PM,282446976.0,525000000.0,32.488,208.438,34.749,1.14,28.48,31.888,7.004,7.816,2294194688.0,1512519552.0,2072308864.0,84879632.0,12699738.0,76.282,17.229,37.454,40.831,21.098,68.001,86.3,0.0,0.0,1.505,3731663.5,384284672.0,0.47,22.746,100.046,2.933,98.495,1336020096.0,56157913088.0,27753936896.0,49541414912.0,3633270272.0,0.316,1.721,0.581,36.351,2.514,3965978.25,4.026,0.76,0.941,7292308.5,366.487,0.211,99.791,0.002,0.001,Quest-Pro,BeatSaber,PopStars-Easy,False,False,0.0
12/5/2023 10:37:58 PM,290831040.0,525000000.0,34.88,203.029,32.025,1.117,30.088,31.897,7.054,9.643,2447174400.0,1588144128.0,2220967424.0,87080624.0,10426768.0,77.742,19.247,36.497,39.782,20.513,69.399,86.324,0.0,0.0,1.482,3766333.25,389428224.0,0.477,23.121,100.445,2.952,98.518,1383221504.0,57797308416.0,28481847296.0,51163283456.0,3733820672.0,0.316,1.717,0.585,36.164,2.498,4016742.0,3.988,0.79,0.938,7367034.5,374.113,0.233,99.738,0.002,0.04,Quest-Pro,BeatSaber,PopStars-Easy,False,False,0.0
12/5/2023 10:37:59 PM,277405184.0,525000000.0,34.082,147.939,21.035,1.162,29.058,31.75,7.293,8.051,2320958464.0,1529541888.0,2114839808.0,87257088.0,3605440.5,79.078,17.507,37.86,41.265,21.264,70.305,86.569,0.0,0.0,1.536,3854283.0,392893952.0,0.459,22.639,99.024,2.913,98.464,1359166336.0,56397070336.0,27993798656.0,49532944384.0,3636800256.0,0.312,1.71,0.598,35.922,2.476,4072679.75,3.885,0.809,0.946,7542825.5,362.322,0.207,99.826,0.001,0.0,Quest-Pro,BeatSaber,PopStars-Easy,False,False,0.0
12/5/2023 10:38:00 PM,285139744.0,525000000.0,34.433,142.926,19.496,1.112,29.311,31.652,7.608,8.176,2395505152.0,1575755264.0,2182485504.0,85061632.0,4713677.5,79.26,18.05,37.702,41.039,21.008,70.622,85.907,0.0,0.0,1.491,3753432.25,386818656.0,0.465,22.662,100.161,2.896,98.509,1390547200.0,57545166848.0,29174042624.0,49373028352.0,3684611328.0,0.307,1.693,0.615,35.915,2.457,4022438.5,4.471,0.754,0.933,7317492.5,379.41,0.233,99.759,0.001,0.013,Quest-Pro,BeatSaber,PopStars-Easy,False,False,0.0
12/5/2023 10:38:01 PM,291087392.0,525000000.0,33.311,147.07,17.56,1.21,29.425,32.03,6.645,7.424,2437317376.0,1607196544.0,2221214464.0,93784656.0,1370456.5,79.772,17.344,37.691,41.133,21.359,70.946,86.734,0.0,0.0,1.537,4106212.25,420544128.0,0.469,22.84,99.469,2.948,98.463,1411466752.0,59857412096.0,29103990784.0,53719212032.0,3893815552.0,0.321,1.737,0.559,36.592,2.546,4319346.0,3.648,0.796,0.951,8036225.0,353.209,0.195,99.833,0.001,0.0,Quest-Pro,BeatSaber,PopStars-Easy,False,False,0.0
12/5/2023 10:38:02 PM,283946912.0,525000000.0,33.352,149.061,13.78,1.118,29.54,31.758,7.171,8.022,2293355264.0,1537134464.0,2085324928.0,85104840.0,3632795.25,79.103,17.612,37.705,41.079,21.224,70.512,86.328,0.0,0.0,1.505,3784261.25,390015744.0,0.465,22.489,100.166,2.896,98.494,1358010624.0,57461035008.0,28888000512.0,49717075968.0,3714495488.0,0.312,1.716,0.587,36.595,2.529,4053693.75,4.473,0.758,0.934,7377148.0,367.4,0.208,99.794,0.001,0.0,Quest-Pro,BeatSaber,PopStars-Easy,False,False,0.0
12/5/2023 10:38:03 PM,288993856.0,525000000.0,32.241,191.766,45.812,1.173,28.512,31.969,6.595,7.44,2383951872.0,1565058432.0,2155557888.0,93327416.0,8115290.5,77.637,16.779,37.908,41.366,21.497,68.994,86.713,0.0,0.0,1.546,4109717.0,420133984.0,0.467,22.709,99.287,2.942,98.454,1404804736.0,59714125824.0,29022625792.0,53606907904.0,3888043776.0,0.322,1.739,0.555,36.681,2.555,4323491.5,3.637,0.793,0.951,8041819.5,351.186,0.197,99.805,0.002,0.0,Quest-Pro,BeatSaber,PopStars-Easy,False,False,0.0
12/5/2023 10:38:04 PM,302763040.0,525000000.0,33.862,187.416,16.279,1.13,29.607,31.851,7.098,8.411,2411166464.0,1566395264.0,2194845952.0,86808472.0,5903895.5,78.475,18.183,36.975,40.3,20.746,69.971,86.21,0.0,0.0,1.469,3754800.5,388419392.0,0.478,23.119,100.493,2.953,98.531,1386690304.0,57762766848.0,28512614400.0,51054522368.0,3722889728.0,0.314,1.713,0.586,36.074,2.485,4004281.5,3.949,0.786,0.938,7345118.5,375.986,0.231,99.76,0.002,0.013,Quest-Pro,BeatSaber,PopStars-Easy,False,False,0.0
12/5/2023 10:38:05 PM,283982368.0,525000000.0,33.635,143.357,22.649,1.21,29.309,31.935,6.922,7.604,2412088576.0,1588215424.0,2198004480.0,92757296.0,1373062.0,80.095,17.468,37.89,41.323,21.355,71.192,86.655,0.0,0.0,1.538,4043839.5,415202112.0,0.464,22.938,99.725,2.95,98.462,1416669184.0,59407147008.0,29108512768.0,52905754624.0,3845754880.0,0.318,1.724,0.576,36.26,2.51,4256284.5,3.705,0.78,0.95,7918251.0,359.714,0.197,99.804,0.001,0.0,Quest-Pro,BeatSaber,PopStars-Easy,False,False,0.0
12/5/2023 10:38:06 PM,260648896.0,525000000.0,21.573,144.193,2.569,1.289,27.42,32.004,9.032,4.631,1493965824.0,778969792.0,1296315264.0,80124032.0,1381070.375,80.749,14.368,41.529,45.259,23.449,71.126,84.969,0.0,0.0,1.578,3786338.25,390185344.0,0.465,21.161,100.154,2.897,98.422,1345099648.0,57326678016.0,28734830592.0,49750683648.0,3716507136.0,0.316,1.723,0.575,36.825,2.553,4055482.0,4.465,0.755,0.934,7381397.0,363.833,0.209,99.792,0.001,0.0,Quest-Pro,BeatSaber,PopStars-Easy,False,False,0.0
12/5/2023 10:38:07 PM,274010560.0,525000000.0,24.394,147.808,8.279,1.276,27.398,31.983,6.736,4.907,1810264448.0,1074608512.0,1591177472.0,95162216.0,1377334.5,80.562,15.01,39.843,43.475,22.555,71.135,86.362,0.0,0.0,1.568,4138901.5,424221248.0,0.469,22.992,99.546,2.95,98.432,1436386048.0,60545458176.0,29481623552.0,54256132096.0,3935767040.0,0.32,1.733,0.565,36.396,2.53,4353105.0,3.629,0.757,0.951,8097447.5,356.712,0.193,99.818,0.001,0.0,Quest-Pro,BeatSaber,PopStars-Easy,False,False,0.0
